epoch,noisy_loss,noiseless_loss,median_loss,krum_loss,hyperbolic_loss
0,1.3097637762217695,1.2528680861267352,1.2941345257328172,1.2499601118839039,1.216870223949193
1,1.0842951745222682,1.0187767514722585,1.058573005675956,1.0121106643403346,0.9878146929759244
2,1.0266189406895831,0.9129511700964942,0.9532077082706732,0.9107471602401221,0.8829353659192231
3,0.9850188369298436,0.8503980031163301,0.8921805079854495,0.85426830142531,0.819665546827062
4,0.969483407257294,0.8081123483413428,0.8525076090489556,0.8129660111314537,0.7753281585189346
5,0.936739532249775,0.7746725316265121,0.8240199186136621,0.7873940857181977,0.7444820154019253
6,0.92758899425893,0.7490732913974789,0.8010173454603484,0.7634108864556112,0.7187244202346427
7,0.9196548392766017,0.7287135793262374,0.7832202450659879,0.7462653986600313,0.6998086592331056
8,0.9181941625003842,0.7111619470893809,0.7682539155466691,0.7337540806197337,0.6819901343925755
9,0.9342779505342386,0.6961495725413696,0.7553043402821534,0.7242529862947011,0.6675699052951484
10,0.9267158261493006,0.6832596936068827,0.743946377983779,0.7090013776229366,0.6550280696544255
11,0.9316992543405684,0.6718869253920077,0.734244910629649,0.7016493638793834,0.6443259105139942
12,0.9274788275686437,0.6617665569832333,0.7259449228655541,0.6920832721324379,0.6351513325085075
13,0.9088632665429061,0.6524270015946542,0.7182454785637856,0.6855988885507439,0.6276305933190985
14,0.9345086828681034,0.6440902836452566,0.7117591750745227,0.6806260566243912,0.6200252915101143
15,0.9397135022929,0.63684307935186,0.7054360473682028,0.674856437440376,0.612907750229858
16,0.9351006258368073,0.6313765280341748,0.6999581152246185,0.671733095244693,0.6074080809787678
17,0.9154056899479245,0.6238045174894163,0.6944166427765909,0.6685470458013659,0.601981126815234
18,0.9289283587351385,0.6176997797568042,0.6896448468289098,0.6635321462591013,0.5963551891541272
19,0.9438797993592604,0.6121116503478015,0.6853260687401256,0.6587705802949,0.5917334217897265
20,0.941477963303081,0.6069044036694909,0.6818126873153811,0.6545806745477576,0.5870742423410518
21,0.9431922216430345,0.6032462325674752,0.6780075544815687,0.6523979813157326,0.5842497507874531
22,0.9478231976718418,0.5978942989367116,0.6746039844080493,0.6530169195989283,0.5796910319428381
23,0.9536990666334052,0.5935802671850708,0.6712823789368547,0.6493575185856767,0.5766901594416283
24,0.9949257510699946,0.5899347525462241,0.6677805264859707,0.6506116884598273,0.5729872392084621
25,0.9835499904979347,0.5861088528027959,0.6653457273712556,0.6466987239345721,0.5685099156264999
26,0.9766003106777617,0.5825939956073187,0.6629518275698658,0.643410994862334,0.5655505226386012
27,0.9843839527181524,0.5792489551061331,0.6604923113539074,0.641741733797418,0.5634654738131094
28,0.9755327020265023,0.5757915095865854,0.6581904933637398,0.6421807891095994,0.5608085607701245
29,0.9860320896757709,0.5730066417596751,0.6555767733892265,0.6421172350144906,0.5582028449037084
30,0.9776122045961277,0.5698581058692085,0.653330320810588,0.6367571209990717,0.5552451776412793
31,0.9804936405292305,0.5672406431816375,0.6511902535493704,0.6335139474763049,0.552715802938848
32,0.9884266016178528,0.5647067649274322,0.6496719195218218,0.6330494361224702,0.5508743186357798
33,0.9916922237502336,0.5623115010805462,0.6478459101979598,0.6336377743698128,0.5483075564317466
34,0.9996563547481653,0.5596741117723785,0.6464611879470341,0.629578110725664,0.5473406366421523
35,1.0331195066177996,0.5577634085929281,0.6445129602925305,0.6294823902822635,0.5446578224043659
36,1.025897791594973,0.5549488819772277,0.643411407483663,0.6291777452596604,0.5433870261091115
37,1.049747992260883,0.5527518941743305,0.6414485750097623,0.627812376746472,0.540747312541808
38,1.0518908270411944,0.5511002081260058,0.6404246593282995,0.6298439288705485,0.5390448345602503
39,1.0659389523023508,0.5486986054933712,0.6391700651652226,0.6279007330084627,0.5376749630293924
40,1.0667334545201932,0.5468421467614479,0.6376478238711999,0.624983059458017,0.5354023975564336
41,1.0718560310387484,0.5452200174377844,0.6359510954195744,0.624752711683424,0.5347771552418654
42,1.076485545892085,0.5431198986237904,0.6348783179652864,0.6247756458733563,0.5330553877246786
43,1.0516957453585378,0.5413705277542195,0.6339834887111871,0.6247307135390765,0.5323786290144222
44,1.0756085918670302,0.5397919707019092,0.6326214136862118,0.6231533188326438,0.5303113606364461
45,1.07847595912773,0.5379855419036674,0.6317568755273758,0.6207664489384368,0.5284757424232354
46,1.0610974952223413,0.536844149928343,0.63039211947566,0.6225498268765685,0.5277582709781556
47,1.0669107372312108,0.5351452431589807,0.6296946128722031,0.6205237254517633,0.5263636527581381
48,1.0717496049669015,0.5342457813788084,0.6285353740863351,0.6201728143012168,0.5251355377422642
49,1.0688714811152515,0.5322090459337606,0.6272076988493237,0.6215834861949945,0.5235220031610985
50,1.0565198338558033,0.5306213923885361,0.6265540397319119,0.6202999899824756,0.5228236996012102
51,1.06813897934237,0.5293544059215421,0.6255126122718876,0.6206187355519821,0.5220437727995746
52,1.077937972865998,0.528081309106919,0.6247439774920753,0.6184452983881562,0.5202535996271455
53,1.0793969134594936,0.526601637319485,0.6239184896997547,0.6165317691688128,0.5193450862722563
54,1.10105091510255,0.5257465332846395,0.6231736147064497,0.6167685753004511,0.5180960768167694
55,1.1274123929743605,0.5241906708254908,0.6230162417831984,0.6177826721320775,0.5171367173411214
56,1.1078893013099556,0.5232791295819421,0.6219397369391864,0.6179242261621761,0.5164321002609236
57,1.1052754689172624,0.5217135315326322,0.6209571900557914,0.6167600553816794,0.5155020052984267
58,1.1027471121992833,0.5205006675844766,0.6205997293201371,0.6154912668581503,0.5150534019637769
59,1.1323028132463204,0.5193629163963899,0.6196578370673274,0.614358360237139,0.51302503451016
60,1.1056786551411684,0.5182736468311258,0.6192249466493178,0.6153646131549754,0.5125194122890944
61,1.1215839653226805,0.5171536227296654,0.619107376430846,0.6160452496668718,0.5115204179520519
62,1.1295371030966077,0.5162042105159462,0.6178537221556222,0.616825194042121,0.5110776808526785
63,1.1182800399671973,0.5155024404786809,0.6173027120791696,0.6172647517817482,0.5096814973148165
64,1.11394943483188,0.5141567202625764,0.6164275392172911,0.6144002293164547,0.5091133323633981
65,1.1207515431239823,0.5135111058348703,0.6159839628351766,0.6173956795996788,0.5085237716277958
66,1.1605403393653333,0.5122721721558088,0.6157836216213787,0.6158683848942443,0.5075031976678249
67,1.150735020776424,0.5114679662643249,0.6149673617351128,0.6151910073124279,0.5069905821553143
68,1.135398251182483,0.5103218803104258,0.6143090675230193,0.6128485652164346,0.5058229421243928
69,1.1550229475530012,0.5093835372995622,0.6142221214297849,0.616324842060646,0.5053384990754995
70,1.142773609217949,0.5088817540933831,0.613518496992925,0.6132310230632216,0.5044530882764898
71,1.1416221345187823,0.5079208736762275,0.6132187229770762,0.6160229414634291,0.5038712052863443
72,1.1384350482755439,0.5069396961737718,0.6125660753879477,0.6145011868046656,0.5032172469867171
73,1.1373948399078255,0.5062662465951996,0.6124684474130593,0.6181137006677779,0.5033339428639524
74,1.1430614522168185,0.5052999341624903,0.6118117099085855,0.6139874766185397,0.5017817950204875
75,1.1497408049449662,0.5044134403096063,0.6111412739668841,0.6121737670213798,0.5013531716996223
76,1.1443119425852137,0.5037555436269676,0.611542555159808,0.613276569763817,0.5015301884525554
77,1.1473234554540521,0.5029105553841683,0.6104676858641755,0.6135467370732939,0.5006176232935133
78,1.1323707106994063,0.5020958947664692,0.6100954936853582,0.6124301767024438,0.499487528212716
79,1.1361365659117957,0.5016552027590929,0.6097294277631254,0.6129563751130108,0.49860526519270354
80,1.143535292126215,0.5008157999121783,0.6093511829477717,0.6121844060781229,0.49839257738210835
81,1.145809405634399,0.5002441095180543,0.6088946841525271,0.611109079050656,0.49724459929214887
82,1.1655100907449236,0.4992254027612184,0.6084988800432316,0.6107331833074906,0.49700663330095896
83,1.152465948172814,0.49857360579022425,0.6082836982452104,0.6106555203693361,0.4970309548443387
84,1.1542511981990815,0.4978258577291426,0.6078146960803931,0.6109233942291388,0.4972059076647775
85,1.1599261539882002,0.49719938160801125,0.6076801234843736,0.6112090696635859,0.495223862870826
86,1.1658125941090085,0.49645828042173834,0.6072406469673871,0.6115462319987133,0.49491447112840364
87,1.1814259879437743,0.49639625968967516,0.6068776481665026,0.6115417148306383,0.49417481274761094
88,1.2123974508612432,0.4952117827773893,0.6063302212907161,0.6120002799602254,0.4936269397720401
89,1.1627294314901366,0.49479527763121195,0.6061030019433691,0.6118915970866136,0.4931170000255239
90,1.1801543013699556,0.4940627671837704,0.6056486192382836,0.6119204425364873,0.4928168573395867
91,1.1806450404695659,0.4934146010902625,0.6054865441641658,0.6130676051713281,0.4921348641716204
92,1.1783412822609767,0.4926772357707935,0.6055945396762378,0.6130039284108711,0.49252963242478265
93,1.198051303684495,0.49231905270972337,0.6050695868324969,0.6135320907284092,0.4915957067905314
94,1.2018709862412744,0.49160244765381117,0.6045148927415526,0.6144894759803644,0.4907403415925665
95,1.203511002348683,0.49151260873419284,0.6046167782588833,0.6119328568417514,0.490341088313502
96,1.2239239976284548,0.4908784003736294,0.6042564258137895,0.6124002611379306,0.4909479761230717
97,1.2261205266832018,0.49005478327695723,0.6044830730032618,0.611317240485179,0.48960976374051984
98,1.212078633523162,0.48926987036800407,0.6039983986448942,0.6104264242504737,0.48987190912011275
99,1.2158437992926852,0.488926601011114,0.6036342668360611,0.6110954605687595,0.48933047217004444
100,1.210962269272044,0.4882747416010496,0.6037561281921712,0.6112901453706822,0.4892037856388125
101,1.2256383245162652,0.487702009148708,0.6043873209918673,0.6104849846194287,0.48893851362859436
102,1.2190493302235532,0.48717931668927655,0.6031843105893921,0.6115517014245682,0.48795637790958896
103,1.2386313666250384,0.4866163901222647,0.6028564762389075,0.610069846606555,0.4885229624360917
104,1.2392830550858729,0.48622412482226607,0.6035453807701409,0.6122599370111248,0.48675139831374525
105,1.2355299769762302,0.48604786774668957,0.6027301287562026,0.6118897611697706,0.48619116938863305
106,1.2295775666678324,0.4851621780413873,0.6024588869382699,0.6108692408229229,0.48596276671907435
107,1.2274698833341666,0.48483656599642644,0.6021428647741413,0.6107139821062212,0.4857605876344
108,1.2279528872410836,0.4841857693088342,0.6016932868735193,0.6112612365956389,0.4853190462026767
109,1.2464624484566056,0.4836992965455983,0.6025940695387422,0.6131772527148073,0.4857838163278638
110,1.2436970560921548,0.4833350711471284,0.6019737052843608,0.6154341278759227,0.48549678733735374
111,1.2576868040622422,0.4830467495495008,0.6014517923448021,0.6136625168343596,0.484867905878103
112,1.2622029023038597,0.48247742339346716,0.6013511064856659,0.6117372886753083,0.4844594708235973
113,1.2537319644213782,0.4820297714317648,0.6011151790844769,0.6110156034956746,0.4840924729941006
114,1.2500600951566672,0.48177107488654686,0.6009424146302318,0.6116436476018824,0.4852284094418165
115,1.2705603479175394,0.4810280385132616,0.6007200785077346,0.6110612138134786,0.48295679727588114
116,1.2855095649150945,0.4808939258660823,0.600753499613621,0.6090276781495149,0.4830056011569152
117,1.3152970114772795,0.48026419597024556,0.6005063668386795,0.6096552443874209,0.4826442653642944
118,1.314875689553817,0.47993851662747855,0.600833868894113,0.6103422943986335,0.4819820888414044
119,1.312352126481293,0.4792225323569493,0.5998347295296305,0.6090124998634133,0.48145069323892514
120,1.3235494317974101,0.47904598811268806,0.5997128189450727,0.6108991933463299,0.4818702019756176
121,1.334388177971576,0.4785585968397944,0.5996655293772795,0.6144249811251311,0.48182978618685096
122,1.3146650785553462,0.47827007863137744,0.599390773978979,0.6138429972687205,0.4806939267087212
123,1.3718065375246802,0.4776772485525264,0.5991695998159688,0.6098321375218969,0.48067303688008295
124,1.344069898870332,0.4772040744890107,0.5995394427927688,0.6122762273874248,0.4801740327461091
125,1.3514693009758483,0.4769548430276606,0.5991435888824398,0.6105239049391542,0.48020287571485687
126,1.3797264578556003,0.47640407429698406,0.598943572175234,0.6092420401872701,0.4801514349325339
127,1.388194501349134,0.4763887956631182,0.5988466797797234,0.6087983664177111,0.48011008546393896
128,1.3709715964552065,0.47581718176288,0.5986575338403478,0.610281130943379,0.4796312629688972
129,1.3736776473582835,0.4752755042643151,0.5984106446167403,0.6095269217085042,0.4794927171578742
130,1.3855567616995774,0.47504101400724713,0.5983241626767811,0.6081225165964377,0.4789840748773937
131,1.3784369357649664,0.47457771953827754,0.5982531494583143,0.6119242284308469,0.47871645499488735
132,1.382319134648707,0.47438743676847317,0.59824503042399,0.609983494298929,0.4783454329003004
133,1.3867088082433916,0.47380780861091937,0.5978834343387815,0.609512746850077,0.47768023932084536
134,1.4024100189832311,0.4735009914825914,0.597922034523466,0.6099649961147428,0.4775893547999722
135,1.4098066578812618,0.4731310709469827,0.5978457263774609,0.6085368465834678,0.47773634454387165
136,1.4116204468715086,0.47297735328380136,0.5972458716612822,0.6087764565109756,0.4769526984301459
137,1.4334899340177771,0.47256990858366704,0.5975170982890994,0.6099643763877933,0.4777611230814359
138,1.4151311773335615,0.4721462338076988,0.5974084313357271,0.6096004662878521,0.47794006747688195
139,1.4203434647993474,0.47185087083762556,0.5969964159121371,0.6098979803995204,0.4757251908863819
140,1.4462504330974821,0.47149011307619687,0.5969754988642891,0.6103954298507966,0.476089311029253
141,1.4479150516564254,0.4712002876759785,0.5969179928681122,0.6087283960194557,0.47533220348090405
142,1.477041291684976,0.4710820777810001,0.5968215412581588,0.6085883117312112,0.4753934877142049
143,1.4718026571790308,0.4705760131460935,0.5967475519672336,0.6110100966241747,0.4754869187857932
144,1.4440842110773557,0.47045955677123824,0.5967397041567949,0.6114064840484058,0.4752228769978744
145,1.4572586296040486,0.4700848848933322,0.5969337499648683,0.6094202084637639,0.4756291973724536
146,1.4538626565935506,0.4694961707806613,0.5966790175102177,0.6103491300804101,0.47483255135295055
147,1.4410547678429393,0.46923045850303174,0.5965898176299707,0.6072813069598478,0.47477138272767744
148,1.4469475952327575,0.4689435327162818,0.5963148459293189,0.6078753021591469,0.4744435570294416
149,1.447081738605049,0.4685798463374883,0.5962849223851543,0.608478898389341,0.47354638074565225
150,1.460000104427982,0.46831041825750386,0.5961621393369716,0.6086793830472746,0.473461313931147
151,1.4410655737030653,0.4680070312419163,0.5963145057032547,0.6088127363704867,0.4732874404137775
152,1.4510277172539547,0.46761090268063527,0.5960207891715734,0.6092713596449444,0.47292037526194547
153,1.4381613999551188,0.4679345582834434,0.5961279313578332,0.6104941155258193,0.4722163080473361
154,1.4418872559774494,0.46717188579539587,0.5958255410670188,0.6077476617763249,0.4727450415698947
155,1.4679180155832756,0.46676247034524143,0.5967471842366585,0.6088301878093124,0.4724954483413362
156,1.4962899603009958,0.46671454415610364,0.5955078893696102,0.6102818986511467,0.47229142384914125
157,1.481857480185801,0.46671615518591736,0.5957745316811415,0.6094320648418567,0.4717909984312315
158,1.503620720698816,0.46590300164846127,0.5957367720549956,0.6075967664510532,0.47217553336434115
159,1.4887566124462035,0.4656183825949393,0.5952325970132644,0.6090678377746137,0.4720269389164697
160,1.506123845575625,0.4654024350716051,0.5953814607278983,0.6081240738229149,0.4716478135914453
161,1.4840308749487834,0.46571376277135246,0.5954839677002344,0.6098495412680563,0.47072347072829784
162,1.4733604497291521,0.46489580073001446,0.5954360012167035,0.6096332518931527,0.4702695487324949
163,1.4772302637076031,0.4645491003133596,0.5953282845592943,0.608881640651713,0.47038583555253055
164,1.495199324540951,0.46435424265501074,0.5952018539170056,0.6094298762164948,0.4712376246238495
165,1.5102262798011035,0.4639622054926132,0.5945805123538334,0.6093400008556107,0.4698031888067443
166,1.4836519790508347,0.463724754795624,0.5947122091548301,0.6088033472801107,0.47056701454924854
167,1.5059908582576067,0.4635278210474601,0.594588855763421,0.6080425474409731,0.4691955650342402
168,1.5053526434135058,0.463334787903506,0.5949201693884381,0.6076469551030194,0.4694696241589085
169,1.5078505878719644,0.46304629648667006,0.5943552984095026,0.608198249615738,0.46891550923712255
170,1.509363753798842,0.46280265267572224,0.5941540337010464,0.6082559053480363,0.4687959888634838
171,1.5159120403469606,0.4624611599297055,0.5943716502798554,0.6083633942845297,0.4690018211651424
172,1.507821542405048,0.4621588346295116,0.5943121070631557,0.612098962989025,0.4685406951016588
173,1.5294442989422419,0.4621439611468076,0.5939268560869172,0.6079945383390528,0.4682180152697385
174,1.5395951670355315,0.4618820837200025,0.594131352945349,0.6085764770183036,0.4683033808896285
175,1.5390799747300556,0.46141315556837387,0.5942105826481531,0.6101953110898306,0.4678401820146999
176,1.54704118927756,0.46127080635575796,0.5940097607409962,0.6083239046668186,0.4676354705457954
177,1.5398536414654977,0.46205667275521156,0.5943171251904174,0.6071109349020627,0.4680806745918818
178,1.5447866139709634,0.460768353260457,0.5938058058043043,0.608449422090556,0.4676818772028058
179,1.5682019332433785,0.4607388727004343,0.5942521935406206,0.6088162061243665,0.4674280607169749
180,1.565945998333098,0.46059914655737294,0.593865756936392,0.6087350505567645,0.46705867108737714
181,1.5693352396483113,0.46006746631356954,0.5938318833498816,0.608311948305195,0.4664209956820781
182,1.5684924593792022,0.4599192892198503,0.5935546325216101,0.6106484556809063,0.4666362309538796
183,1.5720532306673056,0.4602992449102653,0.5933839776282267,0.6120152972978269,0.4671250262102749
184,1.568985472277303,0.45941542713579075,0.593506562744045,0.6099130238820011,0.46686760859182463
185,1.5678376651558192,0.4591219587085499,0.5931651654370707,0.6082557893475783,0.46580730193157455
186,1.5629864002266693,0.45901400397010783,0.5932198219819242,0.608924582912482,0.4676007035816939
187,1.5710893052735486,0.45878359322366535,0.5929556437151562,0.6077388591326925,0.46608844216506873
188,1.5670194701651181,0.45851184795513006,0.5928681205147482,0.607999061586478,0.46592004566163664
189,1.5722986011786864,0.4583720685599254,0.5927141943704378,0.6061998737467768,0.4653657299126525
190,1.566224167434246,0.458169643399155,0.592610708986254,0.606903178125507,0.46483716407878023
191,1.5540950358696386,0.45776334222388426,0.5929976397013007,0.605721510519793,0.46532229378645434
192,1.541765701766987,0.45766570065349393,0.5930380576013309,0.6054562694068008,0.46465574372341356
193,1.5231621149452204,0.4573513635292466,0.5928914937697396,0.6063856381233425,0.4646988945345321
194,1.5392604673494295,0.4571451197503892,0.5927864569219531,0.6074700455053883,0.46502754200471813
195,1.5314367313390116,0.4575918146010773,0.5927865873626877,0.6063785537444744,0.4644367704916791
196,1.5395077721833414,0.4568898124353257,0.5927012536568826,0.6073625621668668,0.46463192003127735
197,1.5419449465265256,0.45659752087275446,0.5926287767444245,0.6081317935776814,0.46377365065847065
198,1.5390179535024,0.4564938600910885,0.5927958719017133,0.6071649979678372,0.464126438627779
199,1.5511573087796402,0.45613598183743115,0.592835986157241,0.6100319640819477,0.4636642443948944
200,1.5406185788897888,0.455891153034328,0.5925326516798771,0.6077933490854369,0.4639108057301022
201,1.5371698416589887,0.45577824652437926,0.5924838818759952,0.6077256893110439,0.46365588077188724
202,1.5266640751420983,0.45565396902750654,0.5925077142395171,0.6077539396778756,0.4640418469431163
203,1.5359332704605204,0.45538993295778096,0.5930735302793919,0.6066750037244714,0.46352537823460627
204,1.5318344510817237,0.45512651669614523,0.5927028025017304,0.6088414830943457,0.4628464215195235
205,1.5286014552161307,0.4549628986132255,0.5928004339209707,0.6058355751737752,0.46316871605165105
206,1.5305882531881507,0.4548118500943496,0.5927812815463129,0.6076456342331954,0.4624944800665246
207,1.54895544412892,0.4546586173947087,0.5929362101362871,0.609555526887182,0.4632263910109276
208,1.5463483479610016,0.45440943913745774,0.5923270865404081,0.6066482870285002,0.463787682606847
209,1.5528252826993998,0.45412605235721076,0.59293728234158,0.6071362613672512,0.4621799571204653
210,1.56525056601722,0.4539026818456148,0.5923751442611361,0.6078746927122886,0.4629574707428077
211,1.5762733556514812,0.453941100507476,0.5924727062708656,0.6086240284671065,0.4627780288454234
212,1.569934440752585,0.4536487219506402,0.5926765209534919,0.6119905265502591,0.462215799388801
213,1.5677174582775246,0.4533347214148228,0.5923925112668229,0.6106719996073695,0.46370137676677387
214,1.565079226555452,0.4533204996485185,0.5924530585824185,0.6086179943721747,0.46238547350191944
215,1.5770337485106516,0.4533469985601904,0.5925070305422856,0.6083169625432508,0.4628641491416929
216,1.5732604636198424,0.45309524126858874,0.5919654460521652,0.610177051314635,0.461096511476143
217,1.5806319156993398,0.45279913092224844,0.5920026797152506,0.607771252538433,0.4625797886211477
218,1.566066765364186,0.45252326501962886,0.5923702174994149,0.6076379991823263,0.4615174216617205
219,1.5663714725093714,0.4523176590716231,0.5919783316296291,0.608775077586495,0.4616144430378016
220,1.5624621642599976,0.4522009779043737,0.5921082477489712,0.6090562409682765,0.4609415873747232
221,1.556041816009964,0.4519676567874899,0.5921050946149811,0.6081793175383623,0.4607125549538305
222,1.567641498792433,0.451791035815285,0.591970587253426,0.6085888749808988,0.46038475442441884
223,1.5793612156470176,0.45161625264333166,0.5924016803874987,0.6105468768394164,0.4603464100997001
224,1.5767289069640014,0.45160936290848114,0.5921726021118994,0.6073236706100436,0.4603988605810739
225,1.56912702949199,0.4512018805667166,0.5918409612336505,0.6080084659011897,0.4607077944497189
226,1.5761485675392486,0.4511060325833464,0.5921952147888928,0.6134347354240269,0.46090883862358417
227,1.5697140868235615,0.45121948540964857,0.5918674840658344,0.6085393688433256,0.46084496874044206
228,1.5878152773646292,0.45101159850219713,0.5919999324367218,0.608670379488052,0.4602466943438382
229,1.5753197526605691,0.45050225320514964,0.5920618386790827,0.6077478079970611,0.45964131391244767
230,1.5969240133320417,0.45067984016402163,0.591891745858955,0.6090481012312066,0.4589901466816859
231,1.5914314301157098,0.450265409173883,0.5919801849789301,0.609696034983049,0.4592546655146694
232,1.5922062468528888,0.45024008886380174,0.5918713951191825,0.6091893970231288,0.4589841641642739
233,1.5820969418008388,0.4501489937986189,0.5922595061477797,0.6081228548970111,0.4598544978970815
234,1.5749548986746553,0.45000520786679704,0.591655022031373,0.6098284792455062,0.4594010239464245
235,1.57537648614856,0.44966250125615276,0.5916783376606871,0.6105164788836536,0.4587642418756313
236,1.5735005639530488,0.44946100189852867,0.5917741394204609,0.6108409351237971,0.4598512828824509
237,1.578569293974869,0.4493396278914074,0.591794407134783,0.608755031545993,0.4595744417333483
238,1.583168834796768,0.4491839982985963,0.5915442843729947,0.6063137908352947,0.45812543447427584
239,1.5688469709931645,0.4488988423058237,0.5917874126816665,0.6082051508565872,0.45862287027033605
240,1.583877816946048,0.4487178399159802,0.5918391892996202,0.6061692724683868,0.4580980150440464
241,1.5768382877615659,0.4485822321175008,0.5918888325238902,0.6058626761903746,0.4582210997958278
242,1.5607171653947929,0.4485986305452903,0.5913970039830972,0.6070436750825071,0.45780153116069683
243,1.5896025469973325,0.4485877498163268,0.5916212158873584,0.605900878589393,0.4585071213483407
244,1.5821149450960725,0.44807171547382924,0.59157538065673,0.6104342598667494,0.45784506858474694
245,1.582582218541289,0.4480415407527966,0.5915607752061333,0.6082313096619364,0.45794400908374766
246,1.5866781737593396,0.4480130002520594,0.5914443739925804,0.607951688039154,0.45790497985689693
247,1.5894457765044556,0.447739091436335,0.5920398328481555,0.6076659515442916,0.45745340045791
248,1.5789693616487752,0.44766650142695075,0.591533479458813,0.6090932414311082,0.45739855945726404
249,1.5900090827296047,0.44738857296462164,0.5913573876985109,0.6082711811466135,0.45740008765912327
250,1.5768836987917976,0.44732519440460533,0.5924992978967661,0.6089465886480444,0.45768454470269865
251,1.5922271868633724,0.44705321365423095,0.5919268756616994,0.6091602466248967,0.4570050553944289
252,1.5864232500398523,0.4470088517571762,0.5915916351260649,0.6099128090894087,0.4577606954363909
253,1.5855140484720474,0.44684856179310833,0.592004464006292,0.6075053849070449,0.45687772526219517
254,1.5762391023034188,0.4467068016115738,0.59181356742768,0.6073078417712103,0.4568744333234884
255,1.5938721187914884,0.44658909997544927,0.5915631162567094,0.6059425075405347,0.45638621381833017
256,1.6050078487579797,0.4463022984734636,0.5919231875300305,0.6058319669651955,0.4565801429890202
257,1.6056280955577031,0.4461549069620152,0.5916579406647862,0.6079881724345025,0.45647466760010164
258,1.6015778089422865,0.44605649237565226,0.5913761848057354,0.6065470035510916,0.45638866089551866
259,1.603284049701282,0.445888746468014,0.5911229944388818,0.6057396933056921,0.4564782433950209
260,1.6082904198514494,0.44575182689269044,0.591166779678866,0.6059712391896753,0.45588867541448075
261,1.6127472849464983,0.44600520096669927,0.5912262723000036,0.6056707792948414,0.4563835167251873
262,1.598106758292991,0.4458539718252603,0.5919417486532031,0.6093673315553,0.45589904837940254
263,1.6141830771898782,0.4454021653566813,0.5915074976424964,0.6102328662706299,0.4572807714961524
264,1.62540286798075,0.4452566011726897,0.5913980772963046,0.6060743221929915,0.4559985343110385
265,1.6110665588610784,0.44507539873915575,0.5913942128506158,0.6044475003325944,0.45572736367684996
266,1.61557603536967,0.4450165168086166,0.5922513718334994,0.6066300659605774,0.4562088295442783
267,1.5855064257865599,0.4449255421132767,0.5913483947512496,0.6079787271144053,0.4561743157200193
268,1.6019228030639403,0.44491794129646783,0.5915645533803572,0.6054707415458506,0.4557767197677087
269,1.617678659508241,0.44452002244493355,0.5910054194281177,0.6062904951753311,0.4548010989554637
270,1.60810237263511,0.4444248172456949,0.5910229094275823,0.6068152339909825,0.4548590374953879
271,1.5959193107131444,0.4442942113467179,0.5906149897395047,0.6078713275823084,0.45554055685576983
272,1.5936619611294265,0.44416041923858823,0.5911661183382578,0.605902589233858,0.4552008613015663
273,1.6160335148522857,0.4439803446801861,0.5910082649610237,0.6074813291081153,0.4546743864684245
274,1.609533670997374,0.44387426375474087,0.5908095645035558,0.6053535137630587,0.45588629698565625
275,1.6363687437351948,0.44469217934275423,0.5908627173328981,0.6060183939090483,0.45533610978405675
276,1.6319864250370342,0.44364413787694185,0.5908215518136167,0.6075812566005705,0.455442630061442
277,1.6259421975029094,0.4435182502921917,0.5908717235853721,0.6074890575071237,0.45566579073917235
278,1.6206407563162506,0.44344640280593356,0.5906430711823937,0.6066383274802675,0.45472311125865794
279,1.6222112462035876,0.4433039851727743,0.5905063483950631,0.608498348836714,0.45513154364769126
280,1.614882975469684,0.4434074458924002,0.5905849802602593,0.607597380035997,0.45483632003558533
281,1.6186655265348362,0.4434705343768927,0.5905462252269646,0.6080887693054753,0.45416521567099183
282,1.6110241103416536,0.44284158451694444,0.5906831793295388,0.610487369753846,0.4537084202782282
283,1.6266306386442246,0.442847004296347,0.5909571740629601,0.6088089168580747,0.45488808222134347
284,1.6274677101011237,0.44262829810691473,0.5906431425226227,0.6085795564082895,0.4537377782460273
285,1.6234470650807848,0.44264351624442955,0.5911211270213197,0.609422492376249,0.4544948624908658
286,1.6253349473920575,0.44277877925952247,0.5905445809432414,0.6086050651241043,0.4536624409182674
287,1.6360988268863481,0.44239107733007194,0.5907332611317803,0.6099590467529326,0.453479331947154
288,1.6444020566728197,0.4422396898640664,0.5905955633746138,0.6075703827574692,0.4531828547510874
289,1.642305312638641,0.44200015999403997,0.5903722635665247,0.6098508840804524,0.4537453104659972
290,1.6494225329040688,0.4419435045354109,0.5904655425579315,0.6099699020141965,0.4532935558009952
291,1.6474682496893438,0.44176409344674,0.5904219655204809,0.6076936722954945,0.45388914776516376
292,1.6537161998739014,0.442045142135666,0.5905638014448832,0.6072264315450915,0.45410306154631813
293,1.6446026555134363,0.4415719930453938,0.5910251241845422,0.6079715701524628,0.45254001519543485
294,1.6499568426898084,0.4413040632668263,0.5907847786432232,0.6090284827572839,0.4528534806738145
295,1.6582231779562457,0.44165313819164603,0.5903075137177827,0.6098464514237861,0.45394657046993836
296,1.6494161376598566,0.4411790202857177,0.5906530330215258,0.6112194774853035,0.45394970107196714
297,1.643610397607351,0.4410697209825622,0.5907265326094312,0.6090061139165697,0.4537214437671299
298,1.6538291751461327,0.4413903668561553,0.5905057567585562,0.6083326837214927,0.45242779381772963
299,1.650316863161079,0.440807097369346,0.5904516650984789,0.6102224621556962,0.45254941177431046
300,1.64755503526998,0.4405876825907922,0.5901917615801975,0.6090441251663214,0.45176210481273665
301,1.6590719447486197,0.44091642554663363,0.5904375835006911,0.6092512456742507,0.45288135946607433
302,1.6529991255382939,0.4412243111898797,0.590425627634685,0.6090405414923955,0.4522658404155456
303,1.6458365629655227,0.4403311072494518,0.5906057101815726,0.6092934461097482,0.4517857374657964
304,1.6421490817239845,0.44015657613540504,0.5908578503516535,0.608913828163579,0.45235231616379806
305,1.6366745650880794,0.4400743488787116,0.5905330383851443,0.6086813784303894,0.45226978817123964
306,1.6301172539870623,0.43999660662246903,0.5901047187302884,0.6095553937886812,0.4515629964959424
307,1.6485892588621223,0.4399116740949788,0.5905501262163928,0.6095569439370291,0.4519829903201417
308,1.6657323199782457,0.44106629680795484,0.5903377072151068,0.6106157076441436,0.45175469526837997
309,1.6453235603774317,0.4398847367302659,0.5900776494571176,0.6100880950161678,0.451154641373466
310,1.653332296729879,0.4399088401404325,0.5900925377279636,0.6104831206244872,0.4516769595386079
311,1.6478990960076043,0.4394254399459059,0.5901781564562663,0.6106077975214287,0.45233353111105307
312,1.6642521640151438,0.43929897030691645,0.5904383355248675,0.6134905649258233,0.4522165269342386
313,1.675459413267773,0.43943274945939986,0.5904385239785424,0.6118845811946233,0.45100295143939506
314,1.663294971417902,0.43903101966090546,0.5903243662445042,0.6111234109442848,0.4512280561812302
315,1.6567607109356601,0.43897336163046946,0.5903304944759222,0.611318554470548,0.4511894772719952
316,1.6547325062505536,0.4387886175828824,0.590200798516885,0.6091104370946285,0.45107920597061674
317,1.6548368673512954,0.43878359344369733,0.5905748101975761,0.6098559975982397,0.4508291436009979
318,1.666989900096909,0.43862184294873247,0.590074821815474,0.6111253251310944,0.45206982155391323
319,1.6710937991338704,0.43881155945539146,0.5899243204402759,0.6122308313698263,0.4509038022976068
320,1.6843543691767817,0.4385002949335842,0.5904300599895697,0.6132002883799469,0.4524200587172959
321,1.6817728021477079,0.4384985295344414,0.5901132451126987,0.6125860444366437,0.45166346140961405
322,1.676204553992346,0.4386907267386773,0.5902127951355316,0.6113997380757146,0.4503358140603942
323,1.6863008379696955,0.4383323080883279,0.5902675612955524,0.6140665133291575,0.4500635397861178
324,1.6866162734945909,0.43794466004921867,0.5898801518178524,0.6136554128446039,0.4503185734151863
325,1.6970328499811238,0.437923551637342,0.5901237283634406,0.6112723373781921,0.45080298308918204
326,1.6996935957959594,0.4378216193141408,0.5900491652523548,0.6110110454353883,0.4519139135586761
327,1.6945126739021348,0.4378905206820067,0.5901094435035532,0.6111801836475937,0.4504846757277566
328,1.6977753304859458,0.43798792104797263,0.5905178221325073,0.614650141142378,0.4505152756684273
329,1.6962517533515429,0.4375101813616315,0.5898144966372185,0.6131938205201519,0.4509148440213401
330,1.708668781557582,0.43745265014027435,0.5896728955302859,0.6144770375394395,0.4497008822051685
331,1.7056671313994685,0.4372987306415505,0.5903149287698928,0.6141872695924563,0.4493481144522438
332,1.7071750191754322,0.43823400239509014,0.590142443272724,0.6133571633698078,0.4497101506838593
333,1.6976301683233537,0.4370445372467535,0.5900433231456146,0.6130907876184528,0.44952713391359983
334,1.708177392863902,0.43692414447923483,0.5899597420196938,0.6126375907449756,0.4496274911638138
335,1.7023458094376125,0.4369215436882464,0.5903170964912693,0.6128734772464939,0.44999030987199684
336,1.6933300861757903,0.4368675061901586,0.5903039621813158,0.6142687374632725,0.4490038689037129
337,1.704552803023297,0.4366421834763661,0.5900261049111264,0.6139971046282537,0.4499079925143506
338,1.7027299649459433,0.4367783100972054,0.5897652050705778,0.6150566278810727,0.4491151561926193
339,1.7009210622386648,0.43646698385127614,0.5898836599016815,0.6146158700911475,0.44921151864656156
340,1.7097936828359395,0.43639313388264406,0.5903358843735641,0.6146863397786673,0.44822762148460127
341,1.7285694059088446,0.43622134901689763,0.5901962981894079,0.6151249970704898,0.4487984118122432
342,1.7335924144514359,0.4362407413928605,0.5897862729625332,0.613357228304732,0.4485456503719308
343,1.7274298103347296,0.4363055389494411,0.590084105875157,0.61488204418388,0.44925676593886177
344,1.7429830993558337,0.4362594362315944,0.5900657104600221,0.6158724386133966,0.44963831299629253
345,1.749764521401313,0.43618290234650786,0.5897813815615065,0.6146444578459375,0.449163073231233
346,1.7470316449118966,0.43591897882146924,0.59001015011528,0.6145330998985624,0.44904651662167483
347,1.74219134632136,0.43589398699862514,0.5898914509595048,0.6139466882929433,0.44854175456297357
348,1.7419237872336302,0.43572504360547293,0.5903426323104023,0.6138086380081262,0.4482237943637846
349,1.7319520172758056,0.43550820462793255,0.5900615209359275,0.6139811858627997,0.4485105041157928
350,1.725609858467324,0.43536209480910987,0.590273336827353,0.6174828831521894,0.44852332327016325
351,1.7380129938734403,0.4356344672359223,0.5898155945805806,0.6147527409974985,0.4483290181198587
352,1.7281578753118498,0.43522159174499364,0.5897815791324996,0.6164840893031812,0.4483398861617393
353,1.724872778522087,0.4352163904349637,0.589778820271147,0.6155504656269172,0.44779222235610483
354,1.7211690962654698,0.43502297792126426,0.5897230254402536,0.6167000109769694,0.44768607277803957
355,1.7290224539273038,0.4349146065634615,0.5900223798934159,0.6166926688055373,0.44893433188038057
356,1.7352906989346342,0.4348915657123073,0.5900259351301469,0.6172493840336074,0.4475236775558985
357,1.7258544822402482,0.4348607129924412,0.590246162643497,0.6165567513589226,0.4473771169613861
358,1.747186603892026,0.4347047318993846,0.5898322044098785,0.6173618701475931,0.4474962615322302
359,1.7387636307249115,0.4346503377963551,0.5900331849539989,0.6168731873571421,0.4478583362307565
360,1.734418916509954,0.43448779090578477,0.5899507422569614,0.6174008336507298,0.4483360341360687
361,1.7311986163104491,0.43459140412783814,0.5905382141928834,0.6167882334353562,0.44863754244373544
362,1.7296014811821847,0.4345447467716545,0.5900459155437718,0.6162151576760766,0.4470976389127362
363,1.7334303399054094,0.43420699880625646,0.5900562104378037,0.6152581450831186,0.4475187286607354
364,1.7419063978822091,0.4340837410642092,0.5896697442475644,0.6168919440646632,0.4480961696345947
365,1.7448692274581408,0.4340002622063888,0.590015233061025,0.6170657057157806,0.4474690539936809
366,1.7625731662312516,0.43389593532159926,0.5899821225012853,0.6181529445018596,0.44706412306942456
367,1.7404295287501028,0.4338374016117803,0.58988338565829,0.6183252368060124,0.4475410200847017
368,1.7436575004783483,0.4342369673851614,0.5894854914634817,0.6185482318464022,0.44723676185347644
369,1.7496678328854849,0.4339863218025099,0.5899665995298778,0.6176601120910948,0.44762927085387044
370,1.7402545309093962,0.43378014842740215,0.5897634461889825,0.617131878251427,0.4476210651230014
371,1.732690211765571,0.43346362075561556,0.5895146490663155,0.6177765609317631,0.4471324576412415
372,1.7227087467246975,0.43377607176756566,0.5897142129536808,0.6179184700416406,0.44681733557562825
373,1.731324276767275,0.4333591555241176,0.5902141796109583,0.6171535995469317,0.4468909294910158
374,1.7451201112447186,0.4332292701060931,0.5904043740143247,0.6173003009679621,0.4474402434388397
375,1.7310549232374215,0.4330972421165991,0.5902489800608902,0.6173242666432774,0.4472948588596955
376,1.723943882176765,0.4331617926937591,0.590547148969387,0.6178446535820851,0.44659088365859945
377,1.7272121044582633,0.4330207277674239,0.589929401646979,0.6170340691514381,0.44598042062155197
378,1.715508336126408,0.43295586575963013,0.5900636300360976,0.6168947073577845,0.44665898139496374
379,1.7394293547420008,0.4327817967007238,0.589829507374703,0.6175625655600975,0.44619899079037273
380,1.7344381038825347,0.43321630669682376,0.589611497180501,0.6166142901525392,0.4466888050249666
381,1.7387398839625252,0.43264190010070835,0.5912203831341621,0.6183616051637303,0.446784769241023
382,1.7391558851372764,0.43256231244810056,0.5901626005388017,0.6171918755743973,0.4475816564892723
383,1.7522599740936557,0.4326111330870778,0.5897361561393271,0.6167990078774647,0.44587054951596033
384,1.7490311033576023,0.43269685743998865,0.5903262105179304,0.6182819741362723,0.4460263364532597
385,1.7465293474396715,0.43251977676250636,0.5900532143886529,0.6192799030063678,0.44628947319171663
386,1.7419264167461608,0.43215663102955293,0.5902726357626853,0.6194683533643148,0.44612814410416657
387,1.7327543370687644,0.4320933428762648,0.5902449892602946,0.6169774125959536,0.446672151661719
388,1.7370025155100777,0.43225267233355613,0.5902897893273804,0.6176040653867743,0.4456876513699918
389,1.7431407863428887,0.431946845296507,0.590043676108323,0.6184903820936242,0.44660833373056275
390,1.76008454023866,0.4318437498344729,0.5903349238120145,0.6175313736653515,0.445741091962202
391,1.7572268112584213,0.4318726489507404,0.5902109508007097,0.618141585817988,0.4455462398981601
392,1.7781482007487506,0.4319595693620205,0.5900191771559065,0.6204112906067913,0.4465178533924131
393,1.7691700204649239,0.4318442748220377,0.5899515164950954,0.6188256771320712,0.44541690764984554
394,1.7619671102934857,0.4315755401073337,0.5905001096844493,0.6190620824179215,0.4458364970215867
395,1.7705112171287867,0.4314612910321347,0.5904145973053796,0.6223570922393257,0.44524995188002503
396,1.7604996922702572,0.4316467718553434,0.5903147930076207,0.6189231395200665,0.4452543970445625
397,1.7769866171221964,0.43141726215763676,0.5902629358910909,0.6195479777485202,0.44568152780013054
398,1.760222689020753,0.43127297477442006,0.5899847009929353,0.6200843718397678,0.4450135436126487
399,1.7746925760709311,0.4313526619858013,0.5903512928089953,0.6206806255002058,0.4463011927265596
400,1.7570761846352698,0.4310152244296203,0.5900515344530793,0.6197628583053716,0.4452144536352067
401,1.760936474115904,0.43099278568484406,0.5902005800154241,0.6215554464071847,0.4445554121858933
402,1.7746398636990295,0.4309931941410391,0.590013015702098,0.6206965765498783,0.4451799106873146
403,1.7732976069560875,0.4307791579740181,0.5902054308227117,0.6215331420686974,0.4457252403083323
404,1.782015002702248,0.4308356540867706,0.5900935523617004,0.6196419676080986,0.44528552535702914
405,1.8141197987119466,0.4309691868684224,0.5896053892543919,0.6206930596710711,0.4447018188146081
406,1.7966318687501033,0.4308556530368632,0.5900644422820654,0.6205333647483386,0.4456233313531729
407,1.7994265338571112,0.4306631456865575,0.5902712684434723,0.6215511516282258,0.4442315702513735
408,1.8241340060408635,0.4308685688899773,0.5905000695067859,0.6211131520994652,0.4452123180113061
409,1.8167401353643406,0.4303871212844819,0.5909011767191279,0.6213033936891561,0.444204655612687
410,1.8108395085701694,0.43027678864384755,0.5901809994959576,0.6207769269580884,0.4447345778959563
411,1.8046451994263644,0.4305750137903822,0.5898798950911457,0.6222079602494336,0.4442581652086274
412,1.8223091307069148,0.4301327651630072,0.5901396238217106,0.6243496683337898,0.4448481858353766
413,1.8279858649004692,0.43011837670917374,0.5901840714279777,0.622781425364513,0.44397069517306476
414,1.8404261009632479,0.43002291182366825,0.5901583273186614,0.6200759939699266,0.4439737119523296
415,1.8312449722891166,0.43009610815072696,0.590091745565265,0.6191331540276767,0.44402968481690996
416,1.8321452289002016,0.429809009546971,0.5899638372684843,0.6191849508858178,0.44395412622602054
417,1.8364277280457955,0.4297803685752931,0.5900396428243869,0.620912039445535,0.44436587658351057
418,1.8326118425366653,0.4297231217133154,0.5897601140646558,0.6212496188049692,0.4448768948851131
419,1.8285212960777812,0.42976341732502366,0.5899012258585191,0.6187534750422619,0.4440632248522958
420,1.8462838570346831,0.42950387148272146,0.590106908137568,0.620081176599744,0.44393544353620645
421,1.8258560633358558,0.42951370578048875,0.5898944360309936,0.621047601001447,0.4437243839822609
422,1.8293140556163812,0.4293563321801504,0.5899103110236998,0.6217630329228944,0.4438314091303689
423,1.8357068125659741,0.42941774198512445,0.5895849911433892,0.6190467818534616,0.4441997527499046
424,1.837775028700375,0.42925195342108435,0.5899747923297906,0.6192098259994976,0.4441829163966865
425,1.843679717258738,0.42918131015110567,0.5896452963268034,0.6182218304006344,0.44344917986972204
426,1.8429478460860307,0.4290849066131314,0.5897275180753022,0.6182414975422459,0.4436964801509109
427,1.8401470611521678,0.4291555083754407,0.5895117700728764,0.618584935470478,0.44431665046521235
428,1.8471086000828147,0.4289293981476009,0.5895278030279252,0.6208703990149151,0.44330408822058487
429,1.8531101682010447,0.428847607640603,0.5899425782094538,0.6193497298302876,0.4451029278320226
430,1.8437271843699758,0.4287955090498475,0.5898675859477336,0.6187005502075456,0.4433665372071397
431,1.838807705978729,0.42886501390142434,0.5897601129197605,0.6178465565682383,0.4437492889865169
432,1.840858154296515,0.4287038821235462,0.5895521516794455,0.6187575415068869,0.44366742566198936
433,1.864475207826732,0.428789052202909,0.5898712009375138,0.617909838852906,0.4429400374650367
434,1.8593004935688495,0.4284642194103844,0.58986159391123,0.6176981593223791,0.4431997636598111
435,1.8508153607303723,0.42881313301385326,0.5898185642845591,0.6185704780336275,0.44314244862057117
436,1.8650273948887757,0.42833008900540487,0.5904176040124764,0.6199810134403404,0.44291571503495064
437,1.8731840090343306,0.4282762614432013,0.5896938339674515,0.6190404765762716,0.4434272027803658
438,1.8818452934079384,0.4282040588199467,0.5896591376278868,0.6206452130825294,0.4436860139133483
439,1.8875973268174933,0.4282351709059457,0.589655519369974,0.6216430682954439,0.44351338269592744
440,1.891330265261971,0.4281831698398239,0.589417922088847,0.620724425735086,0.44297828448625004
441,1.8918411751976754,0.42806931749213617,0.5895321899013117,0.621123211491131,0.44294553637622947
442,1.887132969894375,0.4281839418528828,0.5895011787210469,0.6223918556890561,0.4435077255220073
443,1.8808518856120116,0.4278627513758465,0.5899026485575325,0.6214270446391829,0.4429207690636112
444,1.897452164711081,0.42779950228834535,0.5898534376790102,0.6205463936520189,0.4423605010897361
445,1.87307952280125,0.42783739334519416,0.5898430720510012,0.6204956332537351,0.44332272470181505
446,1.8861800108360456,0.4278086280891381,0.5898060577227854,0.6203379779540283,0.4439412929123077
447,1.885761768337279,0.42867351804657217,0.589817369754777,0.619930486098003,0.44273706562817133
448,1.8908113623511176,0.4276422105152798,0.5900447768477592,0.6201762265035656,0.4425289342458454
449,1.8976243241958637,0.427590869565463,0.589781772031323,0.619652853406046,0.44284215233144325
450,1.8986681035424542,0.42762805567244816,0.589686743741686,0.6209884441091885,0.44281447515680866
451,1.8985045115936883,0.4273114433916344,0.5897198640185505,0.6203773027064918,0.44291173443394305
452,1.902326756380453,0.42730254445124344,0.5896815893213172,0.6205373809926913,0.4422870242912074
453,1.8870441773734081,0.4274051831000892,0.5898716722377085,0.6244700924290616,0.44252232842480954
454,1.8928093482027621,0.42735073396320356,0.5895756230779341,0.623996988636374,0.4425623330286579
455,1.8979271910480104,0.42738513220556046,0.5898529303976748,0.6207264704201896,0.44201579254923834
456,1.902482359530307,0.42703423391896883,0.5898018074383012,0.6217614519105521,0.4420286573354476
457,1.9019674926762802,0.4270299012321233,0.5897284968955515,0.6199774621272354,0.4423517536971176
458,1.9092654887381573,0.426903320578932,0.5899003800288941,0.620335031998217,0.4429156815326564
459,1.9160868062999836,0.4269638562356225,0.5896571966581624,0.6218866962577133,0.44169095667402963
460,1.8976345986053826,0.42681345338805815,0.5896225256130058,0.621937344127645,0.4415075760001094
461,1.8932370704554806,0.4267281761792492,0.5897447620794707,0.6212455810548946,0.44180580656263185
462,1.8879992574590525,0.4266795415044881,0.5899055487612442,0.6214014104192169,0.441487990233238
463,1.9139444648515873,0.4267156073508359,0.5897637762518665,0.6223362554077042,0.44124174535573224
464,1.931732980983724,0.4267204613263375,0.5898985759965476,0.6220438687515313,0.4411227102282293
465,1.9204622175405939,0.4263809716077405,0.589997943503641,0.6231057529110046,0.44140634015851055
466,1.914451374676665,0.42635418128802605,0.5895004870347622,0.6261868232053913,0.44191938812965315
467,1.8958470589100032,0.4262814351659852,0.5895344751536015,0.6220841006886628,0.44246020712724154
468,1.9043192683171788,0.4263633584880363,0.5895577133301305,0.6252700474851701,0.44119808767917906
469,1.9183968798012399,0.4261840277357939,0.5901154734048095,0.6240208240178972,0.44114797133489286
470,1.923915478799224,0.42630606355146944,0.5900782074420455,0.6223872775054877,0.4407541352820153
471,1.9194198000737548,0.42598641659731185,0.5896017259030949,0.6240226919156637,0.4412254351538624
472,1.9050888477157684,0.4263428915866076,0.5897924152873115,0.6226100714912536,0.4410521268025961
473,1.9031939093218775,0.4260512705993485,0.5896296949350891,0.6220262567663489,0.44086390386127666
474,1.9102542390996244,0.4259115588961744,0.5902881370738693,0.6221091213261079,0.4409245859112142
475,1.9019525842918872,0.42603817173880754,0.5897992500976231,0.6241149761331471,0.4412002396393065
476,1.9033683109790653,0.42593387031758456,0.5896765430172408,0.6226890246481658,0.44066955696824184
477,1.9016164271135125,0.4256656831918689,0.5897799800731401,0.6234108002016179,0.44066935054495565
478,1.898500206891352,0.4259851337857482,0.5893622162535815,0.6235198222047277,0.4407436771535183
479,1.9007527751214905,0.4254879723041804,0.5900538349329544,0.6244214516684004,0.441736054103207
480,1.88281074638395,0.4254382884644878,0.5899059905018991,0.6234555881523182,0.4411817925958484
481,1.895646500157699,0.42535596469005316,0.5898970006606215,0.6257544384729847,0.4407534250245948
482,1.9085214030039426,0.42534030513831583,0.5901749230759098,0.6268106873756613,0.4405202943486212
483,1.9105039604921137,0.42526621209619475,0.5896037774769508,0.6251928913072855,0.4411028102913362
484,1.9170459054263513,0.4258457451572973,0.5895867257293442,0.6268669152904733,0.44086635878215974
485,1.9195129267600148,0.4253155628954013,0.5895043484913067,0.6263171476922353,0.44044480232395344
486,1.911970679493562,0.4252499228795814,0.5894626832837551,0.6275252318430192,0.44074348184268086
487,1.914970749311133,0.4249924121390439,0.5896376027118584,0.6262740740253242,0.44041680909445263
488,1.914582318297699,0.4249483279272907,0.589455216561914,0.6274637400355617,0.4407564442575373
489,1.9207669890961347,0.4249986964994767,0.5896871633400458,0.6253841241412558,0.440138533931913
490,1.929411912306612,0.4248513336972836,0.5896616213303266,0.6283699323652494,0.44041803100004673
491,1.9252242108665512,0.4248305389888255,0.5896961009782437,0.6256784054782067,0.44032127172339625
492,1.9170103218736656,0.42491129532454563,0.5895827363650379,0.6261532159917907,0.4410063355907964
493,1.9170549842551232,0.42475735084900584,0.5897301350097823,0.6259370076090114,0.44039929159800756
494,1.927744132500336,0.4246815907615642,0.5903415188879981,0.6264812864087296,0.44053740190926827
495,1.9396369836131986,0.42479975666650827,0.589641562249519,0.6250029239355881,0.440725854852802
496,1.9381646747957715,0.4245032371256043,0.5897212327823972,0.6261021161254511,0.44082289709853356
497,1.9374315631033576,0.4244124566286028,0.5900475257547507,0.6285083277581928,0.44041492817197697
498,1.9430518944488486,0.42432041535916826,0.5900985836617347,0.6268385060820845,0.44032230124857047
499,1.945676138752897,0.42473424871815885,0.5896347312756177,0.6266211813439777,0.4398741963240975
