epoch,noisy_loss,noiseless_loss,median_loss,krum_loss,hyperbolic_loss
0,0.6678068533669731,0.667646596453157,0.6696666431172286,0.6684331298631833,0.6373495677391787
1,0.6452528386474304,0.6449565061981497,0.6481655511530867,0.6489634422603724,0.5959089668983485
2,0.6251108920513588,0.6247582078834086,0.6293034476882731,0.6300889483565356,0.5639126021121322
3,0.6067711228532875,0.6066382594833554,0.611643506259785,0.6128823606929885,0.5383142316944466
4,0.5903205753085785,0.5903620298147501,0.5960235406247119,0.5963907819546352,0.5173559000634631
5,0.5755416677377342,0.5756141941054923,0.5815933281169774,0.5815643197417466,0.4995066934352431
6,0.5621927044520862,0.5621796955850624,0.5682001029113374,0.5669900679845463,0.48448124923005714
7,0.5501457206644659,0.549970028503059,0.5561558883321612,0.5537834597410877,0.4712376278533635
8,0.5390465579471118,0.5388115322641643,0.5449965017601507,0.5424250322354989,0.45988106113636595
9,0.5286229693511559,0.528494995008766,0.5346357917869479,0.5331045120292706,0.4496212206471777
10,0.519167305197288,0.518956662998786,0.5247133945534703,0.5221918040574457,0.44061277884813743
11,0.5102774127421963,0.5101614055352945,0.5158777639923405,0.5125123968381794,0.4324573374924871
12,0.5021362646893139,0.5019957177110272,0.5075740630384289,0.5036245629070978,0.4249996726814863
13,0.49443011435878326,0.49441113498918626,0.4998669663116216,0.4948365045656846,0.4184381575115314
14,0.48748416518281784,0.4873683376358137,0.49260302346071955,0.48771408476959643,0.4121890588836987
15,0.48107792059693244,0.480733258321627,0.4858982809456977,0.4805836698813548,0.40662974818995945
16,0.4748008200525856,0.47451575278268276,0.4793938711899169,0.4742068266672161,0.4014562456959236
17,0.4689869581505141,0.4686645110647422,0.47349600335393827,0.46763128033533286,0.39669217876018864
18,0.4635069285500726,0.46315358632904563,0.46775789970931214,0.4617797266000071,0.3922834071658391
19,0.4582672312891777,0.4579430829793334,0.4626281978808153,0.45670600356356206,0.3881349042900552
20,0.45335186535851346,0.45303641739065226,0.45754449762965105,0.4513089418839802,0.3842447850374406
21,0.44876235595293235,0.4484003693212738,0.4527651773307776,0.4462371457200355,0.3805686744219729
22,0.44438793949519606,0.4440070376930539,0.44812016859524556,0.4415069241280054,0.3770791407369043
23,0.44015470680488084,0.4398190382010036,0.44383426985347807,0.4372764754411402,0.3738592310571835
24,0.4361602413961292,0.43583024672353154,0.4397301941242201,0.4329791086565418,0.37080228943845767
25,0.4323672746656108,0.4320518297553743,0.4358521246929415,0.4290875979046955,0.3679547448128548
26,0.4287082461217995,0.428434519058602,0.4322098542469858,0.42506456296185074,0.36525044773139126
27,0.4253190431168775,0.4249718868017746,0.4285825468785872,0.4214323523053166,0.3626442719608708
28,0.4220114535289608,0.42166980460663056,0.4253203652739835,0.4183546616373503,0.36015987987545206
29,0.41896285946524187,0.4184914087452766,0.4221177066906957,0.41526198324592756,0.3578325735341989
30,0.4159876148730615,0.41547013614941253,0.41896851258878187,0.412030538121903,0.35566148254037305
31,0.4131243884166312,0.41256064907843043,0.41599044402671226,0.40918313769331416,0.3535310985679263
32,0.41022210148906013,0.4097845622480104,0.4130871091699505,0.40628249587504733,0.3514554105939614
33,0.40757625645538864,0.4071060868795849,0.41036775227803,0.40356899373289995,0.3494520154607378
34,0.40490671328771466,0.4045341367107254,0.40774591947612343,0.400817485700763,0.34751859059164464
35,0.40239057238930626,0.4020471401887949,0.4051817090682436,0.39823250825694906,0.3457143878943154
36,0.4000309973101969,0.39966329034906245,0.4027670072953484,0.39575655370959656,0.343963415029304
37,0.3977027137016699,0.3973505359346739,0.40040363238247456,0.3933077843590632,0.342323384429865
38,0.395503519510183,0.3951148771806004,0.3982123427442249,0.39113444528013214,0.3407561681547562
39,0.39336595798346385,0.39295043278447006,0.3960113985612079,0.38883510080680594,0.3392275171322434
40,0.39122336590951023,0.390874180915001,0.3938811261380867,0.38684460593722025,0.33776161752374556
41,0.3892602023306818,0.38885149124544166,0.39186468060859453,0.3845903516558543,0.3363413152568191
42,0.38732784443466345,0.38690380996804663,0.3898102202421083,0.38257983912356913,0.335030870196767
43,0.38541920526808093,0.3850039306236262,0.3878909614771366,0.38056557062273927,0.3336955827425917
44,0.3836132208200294,0.38317384300507973,0.3859798942727392,0.3788713462452198,0.3323858510296055
45,0.3817926503468779,0.38138833825736373,0.38418278939738915,0.3772786504117845,0.33115524008891245
46,0.3800170915232892,0.3796634759559503,0.38240508389119265,0.3756252462461814,0.3299669114362089
47,0.37837540355442134,0.3779905439765505,0.3807350809505019,0.3739925615830783,0.3288538890468112
48,0.3767574404341118,0.37636400644828316,0.37910858133770353,0.372492787256064,0.32773898015622266
49,0.3751671439186375,0.37479005565405804,0.3774557097844913,0.3709313405745853,0.32664999057071764
50,0.3735883193432997,0.3732587348666832,0.37596437941508104,0.36935249580250673,0.32561578635318417
51,0.3720205226939629,0.37176347314839625,0.3744823057570533,0.3678463673436064,0.3245953416353014
52,0.3706140251314324,0.37030308208146834,0.3730091035651721,0.36631996602549466,0.32357098490388836
53,0.36922076270783466,0.3688763960353171,0.3716035052974528,0.3648911521176877,0.32263692470421984
54,0.3678734591488424,0.36749207294311503,0.3702851892519477,0.3635825621070816,0.3216761067832446
55,0.36658859333031435,0.36614898490369524,0.36897138498477455,0.3622527806128036,0.320741552016489
56,0.3652389973709598,0.3648286146651083,0.3676637988401673,0.3610531205629762,0.3198486606938726
57,0.36391664004885516,0.3635451968523817,0.3664365186173275,0.35981936006261855,0.3189808242823449
58,0.36267556748244134,0.3622958357496915,0.36524933761972966,0.35886548876238455,0.31811876826231456
59,0.3613845138564912,0.3610708068389561,0.364103381306532,0.35763486099661457,0.31726040111450005
60,0.36019688352187723,0.35988229517104947,0.36296809394298235,0.35661038741211704,0.316463096734998
61,0.35907753593046665,0.35872550330229186,0.36186336297820565,0.35551237547247466,0.3156598600480192
62,0.3579497180311265,0.3575812536684068,0.36071893916302045,0.35447138830586367,0.31487000544357463
63,0.35690052048363574,0.3564598527946231,0.3596692039103732,0.35337463047887185,0.31414447290096875
64,0.35584927357885054,0.35536946510359907,0.3586461404631203,0.35240850294866066,0.31340998099985734
65,0.3547706232614341,0.3543045991881308,0.35762132033455885,0.3513857058596952,0.3126727916641143
66,0.35369586159080396,0.3532644133874669,0.3566001414054984,0.350531568294368,0.3120094508880465
67,0.352636997382213,0.35224709545013433,0.3556560124941418,0.3497178886647096,0.31130773509657383
68,0.35164750431135755,0.3512531589924415,0.35472073595270515,0.34888276714604266,0.31061952849401514
69,0.35074143417016884,0.3502695443907727,0.353778669176375,0.34798037706432255,0.3099992817021265
70,0.349770813242402,0.34931111003117543,0.3528460969612122,0.34712624537785436,0.30936718448044154
71,0.3487879712263757,0.3483798644468665,0.35196039419030867,0.34634443225595674,0.3086851962590177
72,0.34786249073485737,0.34746144281259184,0.35112184561038734,0.34544492859565434,0.30809750676657305
73,0.346870607966595,0.34656227101659826,0.35026317688537684,0.344729414856306,0.3074653793033334
74,0.3459925302886501,0.3456724526272173,0.34941765177337814,0.3439529918801527,0.3068576536914821
75,0.34518752852543,0.34481275979199627,0.34860939239947114,0.3431838957249559,0.3062595515109181
76,0.3443349940766106,0.3439596556188805,0.34782241304375366,0.3424468606106275,0.30569992692810993
77,0.34356595967164555,0.3431287453068818,0.3470351686314886,0.3416332310926288,0.30513484079308245
78,0.34271244578739435,0.3423108916583627,0.3462765624725968,0.3408282714837002,0.30458742771587755
79,0.3418755106380214,0.3415020946556747,0.34550791319770985,0.3401549319576466,0.30405264131804166
80,0.34112422534933806,0.3407129374327342,0.34477816717517495,0.33947697344160566,0.30351631188582096
81,0.34035549407898524,0.33993183966616675,0.34405337751039405,0.33876114264275664,0.3030187386014718
82,0.3396629062430283,0.3391705371421392,0.34334736245242475,0.338156884837196,0.3025351601408714
83,0.338932143245861,0.3384204449845965,0.34265083206011426,0.33753721889508354,0.30205863642779335
84,0.3382039817693772,0.3376828244792421,0.3419763412062724,0.33684727531813075,0.3015789456019747
85,0.33748247340577,0.3369610262861287,0.34131947048807576,0.3362906969689255,0.3011117042115857
86,0.33676171872101374,0.3362527164838826,0.3406625119344221,0.3357145082764757,0.3006498983931643
87,0.336038489241053,0.3355534790054104,0.3400072670246152,0.335196791754467,0.3001979979366912
88,0.3352900300616586,0.33486675497865703,0.3393618395648832,0.33463649440597376,0.2997321318795951
89,0.3345743661116009,0.33418697191368985,0.33873215097345055,0.33403649329303836,0.2992731151604321
90,0.3338747975533186,0.3335209362763097,0.3381093459342522,0.3335343920540941,0.29885723429456307
91,0.3332364324326933,0.33286439343752616,0.33756027349878454,0.3329745300519182,0.2984274935150336
92,0.3325641817157516,0.33221514917707484,0.3369992041399705,0.3324294892733066,0.2980069423884303
93,0.3318717605960538,0.3315808030135541,0.3364186211800937,0.33186359375074914,0.29759093946967197
94,0.3312809896752007,0.3309611565883754,0.335871417046723,0.33131608624059294,0.2972082973183441
95,0.33064191127241144,0.3303460667319202,0.33531585743297926,0.33083885705767857,0.2968427711023589
96,0.3299788294526878,0.3297436496499669,0.3347883690406412,0.3304037444150779,0.2964920879831336
97,0.329366169012787,0.32914765571517424,0.33424076134544217,0.3298709232329533,0.2960771799193012
98,0.32875120528360763,0.32855617322927905,0.333751004894771,0.32936331518601836,0.2956843635186284
99,0.3281752733193958,0.32797627808389146,0.33325255744950366,0.32886718598379383,0.2953295885543056
100,0.3275878739631893,0.32740545398989546,0.3327378730255473,0.32837576012923325,0.2949517424036309
101,0.3270513369699202,0.3268406189943513,0.33224356394641413,0.3279128275135072,0.29459113629477673
102,0.3264833726824052,0.3262864736621459,0.33177243164034353,0.32733153695275347,0.2942739253394849
103,0.32596190762715266,0.32573586829092593,0.3313232568240773,0.3268885148464073,0.29394090574901244
104,0.32539343640168417,0.325194968276201,0.3308528256293242,0.32636495653094766,0.29359541061730726
105,0.3248730907518691,0.3246634509368314,0.3303876705830844,0.32598602846794683,0.2932741971664574
106,0.32430674264667875,0.3241428488440407,0.32992864015550727,0.32562085405642727,0.29296525431674564
107,0.3237948652729952,0.3236279901998866,0.32949951597593125,0.3251703584797797,0.2926418391034331
108,0.32325798131051775,0.32311808615827453,0.3290634121620269,0.32482987391435353,0.29231475681290753
109,0.3227665343073093,0.32261320486653916,0.32864029013677415,0.3243530389583258,0.29200344762533204
110,0.322280671681082,0.3221106443712178,0.3282088172850613,0.32403697573911716,0.2917037505920327
111,0.32176725284107405,0.3216165986125322,0.32780595261367224,0.3235915060380447,0.29139144103171155
112,0.32124157388862723,0.32113296809092995,0.3273740055787802,0.32309850262506074,0.29109815729809824
113,0.3207842190718902,0.32065416192000634,0.32699118918867126,0.3227110422268894,0.29081086607509304
114,0.3202457152450295,0.3201887900888736,0.326583868322116,0.32244775092470174,0.29052208365595894
115,0.31975354944475626,0.3197220236588675,0.3261830361085564,0.3221196703311671,0.29024104609711304
116,0.31931720425697613,0.319261002903238,0.32580681243611714,0.3217690460010785,0.2899578858011276
117,0.3188595463634327,0.3188062555942704,0.3254379734212368,0.32144215860203523,0.28966261700382695
118,0.31841444241152994,0.31836326717718005,0.32506696298045284,0.32104029726506367,0.28936116336022133
119,0.31796619360810785,0.31791774267756284,0.32469032764330397,0.3206602407979542,0.2891053035564024
120,0.31754191914760854,0.317480862859383,0.32432638041599166,0.32043876872777916,0.2888304386921857
121,0.3171199366234205,0.31704492537667994,0.3239779354309413,0.32014087951379977,0.28855880841220616
122,0.3166197585867137,0.31661714048353434,0.32365083723725013,0.3198545837390071,0.28829483556082314
123,0.3162590248222803,0.3161990954202,0.3233336354372032,0.3195972076248941,0.2880737784235392
124,0.31582992235850166,0.3157794486626357,0.3230099004811947,0.3192711862999671,0.2878150452831382
125,0.31546509068957607,0.31536632195283204,0.32265214930903435,0.3189500003384517,0.28756269164282666
126,0.31509757553241363,0.3149593490859636,0.3223274355530089,0.31854082260737815,0.28731458343461896
127,0.3147151014673588,0.314558453882238,0.3220058311888324,0.3183004534294822,0.2870531898648849
128,0.314277905251937,0.3141596741561395,0.32167383095455804,0.3179957443103498,0.2867923702538917
129,0.31392502433363073,0.3137645325998202,0.32136121632405884,0.3177432577386328,0.2865627626381569
130,0.3135806929287871,0.31337458751001857,0.3210564870614237,0.3174247283261806,0.28632098173109355
131,0.31320820847788805,0.31298905676119315,0.32074129706727933,0.31715123036692294,0.2861131111092607
132,0.3128004583774125,0.31260982694266104,0.3204349218432514,0.3168649837001203,0.285874205726206
133,0.3123699844567342,0.31223520087329487,0.32011285136409656,0.31660946335743434,0.28564856278173006
134,0.31196654850520333,0.31186521933745814,0.3198385032334774,0.3163376760830252,0.28542090781501683
135,0.31160450676124507,0.3114970855473827,0.3195243949863663,0.31604158585526554,0.28517735663871147
136,0.31126793516147017,0.311134369957582,0.31923762655523336,0.31575585813248225,0.2849797465354855
137,0.3108813489453739,0.3107742291981523,0.3189402350276462,0.31546503478758425,0.28478003105765026
138,0.3105333877252844,0.31041972551445024,0.3186742000880295,0.31522874014756413,0.28454895440238215
139,0.31018095251779115,0.3100664452119355,0.31839531807497196,0.315024214378373,0.2843536208318783
140,0.3098098926060796,0.3097185352771216,0.31811381427278834,0.31474753303153213,0.2841384592435398
141,0.30946180076846574,0.3093744554717572,0.3178313074596419,0.3144786922583348,0.2839215997953121
142,0.3091235719187161,0.30903087374922067,0.3175872863153824,0.3142579866874459,0.28371885059745555
143,0.308751838872084,0.30869286803232227,0.3173523856070896,0.31399836739429965,0.2835037033429189
144,0.30841761690659514,0.3083573474921085,0.3170826889970733,0.31372222384178744,0.28332641567069256
145,0.3080814086967721,0.3080258804945994,0.3168267991054575,0.3135011495972672,0.2831339281202739
146,0.3077280408202809,0.3077005933617611,0.31658431905611656,0.3133261936057019,0.2829394051854334
147,0.30740926482843783,0.3073774903974502,0.3163421683872703,0.31310580109989755,0.2827351835630114
148,0.30708642914898315,0.3070583841529789,0.3161014882281048,0.31291811798315755,0.28252867321784164
149,0.3067737664842222,0.30673875932577965,0.31587733940906426,0.3127648749207723,0.2823414941105588
150,0.30648295919641133,0.306421200965816,0.31560898369637475,0.3125195972328011,0.28212044715534706
151,0.3061912933073203,0.30610917096282125,0.3153602802420284,0.3122961483652449,0.2819590164885279
152,0.3059090608430908,0.30580278515188275,0.3151185119550855,0.3121290547108982,0.28175673339952584
153,0.3056133406037893,0.30549638062786816,0.314877431058456,0.3119492333811204,0.281548221897482
154,0.30528362280996896,0.30519123189096126,0.31465569810421384,0.31172741987298563,0.28136638301290173
155,0.30502104955588544,0.3048929683736015,0.3144268432985453,0.31153788818513356,0.28121022777964816
156,0.3047207283099267,0.30459334186803816,0.31421342722890705,0.31141553694335405,0.28103130572387985
157,0.3044090718714913,0.3042966154415593,0.31399640007268786,0.31127467294096695,0.2808643627570418
158,0.3040948507093613,0.3040068361014598,0.3137830314476095,0.3110220213780151,0.2807123568371768
159,0.30381757159641337,0.30371862797449617,0.3135953981487718,0.3107655076768732,0.28053182016884254
160,0.3035331127186671,0.30343532707419235,0.31337266030020333,0.31056674885034286,0.2803620349085169
161,0.30327362848313266,0.303150740306166,0.3131616004359955,0.3103393056421196,0.2801848126282782
162,0.30296920548301837,0.3028706306220673,0.31293964487717973,0.31014089841524245,0.28001243818265764
163,0.30271812929883163,0.30259049915666936,0.3127210273589485,0.3099343677078644,0.2798662263935104
164,0.30243968001451177,0.3023154990674896,0.31251245239292696,0.3097150304965148,0.2797071031765466
165,0.3021844263002591,0.30204278188397987,0.3123205329476984,0.30959703187681475,0.2795368485632867
166,0.3019008614977919,0.30177190928448533,0.3121183232867086,0.3094906522324692,0.27936489493874717
167,0.3015668296942953,0.30150491921019235,0.31192120223876246,0.3093166123942478,0.27920372585876013
168,0.3013021655629274,0.30123745132709356,0.311718430970787,0.3091589371489636,0.27904021283503566
169,0.3010410426754107,0.3009729321675619,0.31153948623629735,0.30898747489815687,0.27890186383163923
170,0.3007510847477736,0.3007106398294879,0.3113543121861091,0.3088260489695945,0.27874680441612404
171,0.3004849541206581,0.30045385888685877,0.3111767484185639,0.308590965155886,0.2785860893326845
172,0.30021967669275745,0.30019624829484204,0.3110109360627948,0.3083568164040148,0.27842929326979826
173,0.2999586695422913,0.2999409682793913,0.31084031920050775,0.30825144450509434,0.27828517574398254
174,0.29970485023635146,0.29968991338082723,0.31067572954928513,0.3081161744710661,0.2781255924451089
175,0.29946425330896964,0.2994398385071668,0.31050805441056545,0.308020251552055,0.2779716305507491
176,0.2992096104808551,0.29919258671928106,0.310345711193766,0.3078262909722744,0.2778157711744699
177,0.2989832116578428,0.2989461349630001,0.3101759165185403,0.30770058416393486,0.2776636136712087
178,0.298731754291995,0.29870158068869496,0.3100155821461411,0.30755511411001624,0.27749760073764357
179,0.29849655247984325,0.2984588150341869,0.3098209194423542,0.30741907510541033,0.27735067366700145
180,0.29827971166682843,0.29821956753324363,0.30967021006876955,0.3073352373597927,0.27720462603077145
181,0.29800401812115646,0.297979746721839,0.3095068422440641,0.30718536740978836,0.277020607216865
182,0.2977874222668721,0.2977412811635852,0.30931757097917123,0.3070859075197261,0.2768628488684174
183,0.29756914185404704,0.29751054707651303,0.30916944259597534,0.3069495225630981,0.276711080793047
184,0.29735092804271684,0.2972776820439938,0.309011396010161,0.3067748801841313,0.27655866547864827
185,0.29708840068118725,0.29704469913459713,0.30886093755569594,0.30662690018848465,0.2764232988210515
186,0.2968682720977168,0.29681636680284207,0.30870387872199245,0.30656444729373766,0.27626075758131624
187,0.2966570226393915,0.2965917286853591,0.30855279867113755,0.3063989460005928,0.27611181096239557
188,0.2964415306253244,0.29636625757519836,0.3083940856545528,0.3063079369271199,0.2759792842214714
189,0.2962542446008009,0.29614182842168585,0.3082493730222165,0.3061284868392288,0.2758635872226996
190,0.29603397009195714,0.29591841874418195,0.30810238141288304,0.30600999544577384,0.27572222104610816
191,0.2958117146102424,0.29569753564420537,0.3079466771916191,0.3059125615077701,0.2755746640739697
192,0.29560586320232773,0.29547585332436865,0.3077859838450908,0.3058555580157588,0.2754422132682082
193,0.29536360332267897,0.2952620194017067,0.3076467244705425,0.30575445544637675,0.2753211512126512
194,0.29513680589130836,0.2950486539587704,0.30750579570211933,0.3056052732130889,0.27519015985184575
195,0.29493843952424154,0.29483733094164283,0.30738146592535637,0.30556571629110346,0.2750405428557697
196,0.2947298113852584,0.2946241481150706,0.307259269191954,0.3054230128798776,0.2749027021818184
197,0.29452570915721105,0.29441421408294854,0.3071395176364899,0.3053311958157909,0.2747731389666037
198,0.29430533973840506,0.29420700073205486,0.3070021076119444,0.3052100950248599,0.274638317306448
199,0.2940939637496965,0.29399986082842344,0.30688111593206,0.3051121873198634,0.27449717736217055
200,0.29389111696181397,0.29379671349618997,0.30675890020683994,0.30505353187204143,0.2743739996828346
201,0.2936920337466988,0.2935921984183209,0.3066352098974299,0.3049337980364067,0.27427901726476783
202,0.2934861978517888,0.29339172211033754,0.3064966420047604,0.30475974360077884,0.2741581691545489
203,0.2932742843648813,0.2931884668860605,0.3063754077361656,0.3047199091177004,0.2740384438079414
204,0.2930930812734194,0.29298911390303023,0.3062143446335405,0.304648470914166,0.273915141301821
205,0.2928949122970531,0.29279093681662954,0.3060913088932234,0.30457003699126156,0.2737981357154386
206,0.292696814602452,0.29259230510928275,0.30596572793758275,0.3044160634657698,0.27367877955218567
207,0.2924962468400453,0.29239783258313706,0.30585141122883075,0.3043288990757082,0.2735442331261111
208,0.2923120268515904,0.2922054866148645,0.3057512838310807,0.3042053503762614,0.2734157932546385
209,0.29212468064712993,0.2920119430469507,0.30561780455146226,0.304182484971113,0.2732805911767867
210,0.29191276307021646,0.291823035184165,0.30550641273961343,0.304078837491808,0.2731521632116205
211,0.29176068650946313,0.29163282143748787,0.30538987584820787,0.3039834633160355,0.27304288283505035
212,0.2915727398073108,0.29144465309845624,0.3052762440653635,0.30387649521990195,0.2729272759781708
213,0.291387643241187,0.29125985899007123,0.3051628198995627,0.30359749095209465,0.27279770449606094
214,0.2911868887661625,0.2910743848642524,0.3050685860738589,0.3035420847052471,0.2726772418295296
215,0.2910000384288824,0.2908922943186203,0.30497128793433953,0.30349937050632897,0.2725801399165652
216,0.2908383791366071,0.2907098721715435,0.30483914605117174,0.3033875535875532,0.27246225316079353
217,0.29067921886727993,0.29052766345197656,0.30472423776321717,0.30332940177582457,0.2723434660412371
218,0.2904987357251383,0.290347657390487,0.3046346106467066,0.30326076870965163,0.2722327315510723
219,0.2903029785476917,0.2901680354635281,0.3045103673617458,0.30312522934060077,0.2721318615177283
220,0.29010763900709924,0.2899908817022117,0.3043977309898799,0.3030144347831093,0.2720209102748001
221,0.2899540962633078,0.28981426495493107,0.3042942763924458,0.3028721706580332,0.27191652741708716
222,0.2897693562982566,0.2896379998441798,0.3041644304628515,0.30279012980072034,0.2718192336957119
223,0.28956563131539337,0.28946301983453476,0.3040844248672298,0.30273961030423985,0.27170510711875684
224,0.28938312911785125,0.2892906052546014,0.30400124288660757,0.3026896372959794,0.27160048518027546
225,0.2892202479794992,0.28911532002643126,0.3038857196545357,0.3026028905940586,0.2715064471111301
226,0.2890580986959135,0.2889439311767137,0.3037834840668725,0.30253886297985955,0.2713948055986536
227,0.28888549457429885,0.2887749494676599,0.30368141855062597,0.3024915993105862,0.2712861050917217
228,0.28874321809928327,0.2886065124955451,0.3035484870880861,0.3023660806514546,0.2711904048299695
229,0.2885888031034215,0.2884418472657842,0.3034403912977368,0.30234460449065304,0.2710999486060974
230,0.2883926739765102,0.28827436040252113,0.3033386462884391,0.30232721310415067,0.27101862894886847
231,0.28824976797428864,0.28810869874400347,0.30322450389855127,0.30225076840818826,0.2709139473686254
232,0.2880935111994633,0.2879423959303431,0.303124702237074,0.3022015223031081,0.27081152912364875
233,0.28793578601561826,0.2877821229758126,0.3030312021058386,0.3020346727221557,0.2707041407585564
234,0.2877728714521437,0.2876203138608428,0.3029144337158085,0.3019574722377655,0.2706112574732642
235,0.2876178503634157,0.28745791225525563,0.30281818440364044,0.3019083014643614,0.27051028768041335
236,0.2874492685813152,0.28729709430707845,0.3027558654317471,0.3018048030862694,0.27041833651121755
237,0.28728427574915466,0.2871401378182717,0.3026704301462154,0.301713264665596,0.27032574404622806
238,0.28711045922734385,0.28698240625443255,0.30259339128313645,0.3015422991305549,0.27022257454535914
239,0.28696387959329933,0.28682712954428446,0.30249252893674267,0.30152591390880573,0.27013190279832594
240,0.28679762470403203,0.286669987748132,0.3024033951962247,0.3014392192832223,0.2700461062601233
241,0.28664707564451897,0.2865186108518418,0.3023133991828118,0.30137705806996745,0.26997196072189733
242,0.2864704556054856,0.2863648041782828,0.3022144853787124,0.3014053215560468,0.2698868994804988
243,0.28633112724231935,0.28621254202253743,0.30212352447573887,0.3013546237002173,0.26977646141823197
244,0.28616876328614327,0.28605903557191736,0.3020285674398714,0.30120607205020383,0.2696901155428676
245,0.2860010101162834,0.2859089156153399,0.3019541931152071,0.3011568979592933,0.2696059848269983
246,0.28585820207338797,0.28575730920222703,0.3018458277114615,0.3010718482570317,0.26949602151219126
247,0.28572406604015477,0.2856081503746326,0.3017457672785,0.3010532111652115,0.26942434342354776
248,0.28557654115570225,0.28545886983619234,0.30167640170124665,0.3010071601013482,0.2693327523980046
249,0.2854233010952923,0.2853131111924645,0.3015715038056826,0.3009815730135366,0.26922620339972536
250,0.2852807386932687,0.28516602429998295,0.3014969950015666,0.3009686056279225,0.26913334561499946
251,0.2851311215674082,0.28501910803011077,0.30140392826142487,0.30092245212167024,0.26904809158083837
252,0.2849860380906724,0.2848730600301229,0.3013097690111372,0.3008337661023928,0.2689535803209676
253,0.28483676786437323,0.28473017446456295,0.3012236617537033,0.30079147506201687,0.26885889870633234
254,0.2847057293991875,0.2845854703377,0.30115810071187443,0.3006537454447558,0.2687693513768198
255,0.28456954111398347,0.28444403204432644,0.3010888279838188,0.300559543813258,0.268687828606931
256,0.2844338992610103,0.28430424987128916,0.3009991950316679,0.3004569399740443,0.26860003219312395
257,0.2842834261204692,0.2841648141528671,0.3009292573280571,0.3004178114914461,0.2685183004547608
258,0.28413918307281827,0.28402538834231744,0.30083424923010893,0.3003676956935214,0.26843913389788826
259,0.28397805605598,0.28388670813828165,0.30074511923574887,0.30028492135394147,0.2683327104450917
260,0.28384756237454817,0.2837503241731735,0.30065545922197395,0.3002467722018672,0.2682747071705558
261,0.28368336393601745,0.2836133802171129,0.3005737226870848,0.30022164616968655,0.2681984932889796
262,0.28351528639721724,0.28347731085018085,0.3004591752800598,0.3001191471782653,0.2681244644517984
263,0.2834110564079403,0.2833402155573041,0.3003620712775171,0.3001232594840861,0.268030947915946
264,0.28327130232737324,0.28320470035667733,0.30028330539737347,0.3000866052951525,0.26791709403624614
265,0.28314709362825885,0.2830709066340306,0.3001790840727021,0.2999740121966272,0.2678232852754247
266,0.2830109199138767,0.28293874530706964,0.30008419593568536,0.2999497680668403,0.2677229593795579
267,0.2828693509247555,0.28280603076497407,0.3000141621627894,0.2999277475865873,0.2676570905574265
268,0.28275137762645874,0.2826768749912326,0.2999270194761396,0.2998512576708957,0.26760009848289856
269,0.28260975078789197,0.28254491510468094,0.29984929053827997,0.2998683809322755,0.2675260608223751
270,0.2824599954509387,0.2824161262368031,0.2997640751671733,0.2997847243412436,0.26742549134468047
271,0.2823444596318892,0.28228544373256786,0.2996912287325801,0.29970641780133056,0.26736020056114174
272,0.28219626898613387,0.2821564662610563,0.29960683445528463,0.29968016923250623,0.26727884888250514
273,0.282076684279453,0.28202796214269643,0.299543214325307,0.2996033598060911,0.2672111061887011
274,0.28194222542516584,0.2818991476810757,0.2994518947006888,0.2995853990282586,0.26712085916176875
275,0.2818152144883771,0.28177308186938865,0.2993822928914586,0.29945378454545074,0.2670399995813202
276,0.28168828063668266,0.2816472712546143,0.29931159146584063,0.2993694901949287,0.2669802978766415
277,0.281533946679579,0.28151929588784225,0.2992336041061979,0.29928667833150535,0.2668953580228477
278,0.28143592999119976,0.281393518040303,0.29917390326292254,0.29921530706753524,0.2668094082565042
279,0.2813180577395899,0.28126838158094086,0.2990862351212176,0.29912402492964607,0.2667575639713937
280,0.2811963414419285,0.28114485386846744,0.2990013923799518,0.29901026594937086,0.2666909021845349
281,0.281054986079806,0.2810240350886377,0.29892995220826385,0.2990047187266368,0.2666069332510523
282,0.28093919335786444,0.28090333862517886,0.29885250627808113,0.2988300605700442,0.26653631310895465
283,0.28081180308399706,0.2807801602075443,0.2987970632271063,0.2987788814139035,0.2664657965264429
284,0.2806802263620677,0.28065978506442996,0.29873721394020314,0.2987685664652221,0.2663947470977577
285,0.28054933976154695,0.2805402641027357,0.298640085597844,0.2987365463910348,0.2663443539533874
286,0.28043455329716815,0.2804210921112519,0.2986056046714866,0.2987246803537112,0.2662737386192367
287,0.28032526661551405,0.2803032689731411,0.29851770877541256,0.298698456342131,0.26621289531339554
288,0.28019633112855724,0.2801845621171927,0.2984435155248952,0.29858738451760797,0.26614591026418616
289,0.2800658570229488,0.2800680808346313,0.2983966773167611,0.2985510510274752,0.2660849843810449
290,0.27994372038470106,0.27995235084145514,0.2983243845063739,0.29854558238763995,0.26601907311876993
291,0.27984272266288673,0.2798367474410076,0.2982445772144468,0.29852197223079935,0.26596544630314556
292,0.27973673642882524,0.279719830097217,0.2981753756703262,0.2984440308532445,0.26588724006482006
293,0.2796514292721482,0.2796061723562953,0.29809940281625635,0.2984011234286119,0.26579263441935375
294,0.27953140172408664,0.27949361002709266,0.2980220635136797,0.298360321232703,0.265705222119091
295,0.2793987527871467,0.2793805647520688,0.29793780783520596,0.29828581848771235,0.26561216791119935
296,0.2792677682278651,0.27926886252662747,0.2978443683822579,0.2982783888600569,0.2655279544857802
297,0.2791583202083009,0.2791557016764328,0.29776056083599595,0.29830578316420364,0.265452067021854
298,0.27905734769909485,0.27904303057340757,0.29772287937272307,0.2982603811446826,0.26539088001264843
299,0.2789567178137696,0.27893109238323327,0.2976738631099511,0.2982522811409961,0.2653189539586828
300,0.2788564155696091,0.2788202049225988,0.29759951870810747,0.2981500471931036,0.26525459332288687
301,0.27870499696905826,0.2787107661615687,0.29754492030248164,0.29813555223474814,0.26516913442476314
302,0.278608787883129,0.2786011370105624,0.2974941395348928,0.29804299860368977,0.2650975229390461
303,0.2785013033936579,0.27849096066609597,0.2974352932663692,0.29794971593077263,0.26504654630476676
304,0.2783689896425259,0.2783824832760972,0.29736475109068655,0.29781895781464346,0.2649739660200554
305,0.2782635930247234,0.2782735909914893,0.29729391590923493,0.2977977730008665,0.2649245350108884
306,0.2781832091895506,0.27816498744724705,0.2972427683174134,0.2977954912793905,0.26484771594684564
307,0.27807506193794607,0.27805795098038305,0.297189302445211,0.2978511065477177,0.2647918713994961
308,0.2779560833405482,0.27795105119050956,0.29712447339091497,0.29782985312891336,0.2647292531941729
309,0.27785866225342587,0.27784432993379266,0.2970649524778274,0.2978346434615697,0.26466870376973545
310,0.27775389145548174,0.2777396841653955,0.29700250718982363,0.2977551512055223,0.2645896180774247
311,0.2776654567070682,0.27763514238116804,0.29695170982076347,0.29773043402889554,0.2645277852636809
312,0.27755183447424303,0.27753269555161475,0.2968780025341708,0.2977292161787218,0.26447201815570515
313,0.27743757835060157,0.27742992280269574,0.29682402200743546,0.29768493247216987,0.26441363769770354
314,0.277328809258772,0.2773268122480194,0.29676198188423475,0.2976414767429859,0.26433452265941354
315,0.2772080739328715,0.27722517520937573,0.29669621104956273,0.297603427366109,0.2642677344701692
316,0.2771138560318649,0.2771233861256544,0.2966372052883916,0.29751651694233155,0.26419668385251077
317,0.27701049369781994,0.2770228063340709,0.29659741782252286,0.29739383281003795,0.2641535718745347
318,0.27689085023287374,0.2769221768536502,0.29654717409893244,0.29730274747851004,0.2640930105016599
319,0.2767874766805454,0.27682088401650334,0.29648628556428774,0.29728761512881235,0.26402522479363016
320,0.27669301823108894,0.27672080253007053,0.2964384477891102,0.297252120855022,0.2639557053726999
321,0.2765957563598551,0.2766204521334907,0.29637396596875454,0.29717623366483914,0.2638942550077574
322,0.27649467739598055,0.27652090466234713,0.29632490026004593,0.2971234506317576,0.26384275840076077
323,0.27639826997813577,0.2764206659022441,0.29626493673533294,0.29710135386061526,0.2637862076877203
324,0.276294574905208,0.2763234989566839,0.29619676413716506,0.29704182137749235,0.2637422261474309
325,0.27618236029600474,0.2762261922521384,0.2961219695157949,0.29702491127851405,0.2636871798398863
326,0.27608122693512316,0.27612774527128436,0.2960511529711266,0.29702503036437866,0.26363546551331224
327,0.2759990251703701,0.27603159259216914,0.29601255817980915,0.29700227191038947,0.2635983270674127
328,0.2759164233407435,0.2759350541514678,0.29598001308000543,0.2970009119002463,0.26353855882594085
329,0.2758261088237116,0.2758384059455837,0.295912578683088,0.29694989020910506,0.2634866834970848
330,0.2757449077072383,0.2757432459024643,0.29584089619668097,0.2970193866245039,0.26341948460531445
331,0.27564602226562585,0.27564893341047003,0.2957874169346817,0.2969971386069156,0.2633694848302401
332,0.2755376629713007,0.2755533607904572,0.29572510941053115,0.2970043776487866,0.26330676665525443
333,0.2754511736039334,0.27545970119099983,0.29568592771290864,0.2969816885439547,0.26324485040544543
334,0.27534976358524504,0.2753665544341587,0.2956288339659621,0.2969794020814173,0.26318762746502466
335,0.2752329239120139,0.2752740818646134,0.29560185461721383,0.2969208602448692,0.26314720908013134
336,0.27514680394967855,0.275181202129079,0.2955485907502906,0.29691869601389376,0.26309364008378566
337,0.27507674534102927,0.27508874470573985,0.29550283403129196,0.2968404239562328,0.263044374346106
338,0.2749983032567704,0.27499683544160597,0.29546549119440557,0.29682171709943994,0.26297768569392393
339,0.2749200602078354,0.2749034414477382,0.29542072411580755,0.2967686234256125,0.2629333209075243
340,0.2748381738086326,0.27481293805119633,0.2953915866513609,0.2967423122230387,0.2628965046585972
341,0.2747603417256877,0.27472148066976226,0.29535959337763285,0.29673127787306464,0.2628553215211293
342,0.27470035382881325,0.2746331449443668,0.2953111664965898,0.29672220064959326,0.2628208505826154
343,0.27458946895906533,0.27454336675528035,0.2952479734655159,0.2967596193806338,0.2627675473371454
344,0.2745160843527274,0.2744543938727707,0.2952050555080993,0.29670349462428103,0.26272582307892145
345,0.2744163530142187,0.27436538584141884,0.2951547964819024,0.2966731418567433,0.26268577824027645
346,0.27433098003924916,0.2742772796866422,0.2950940590219222,0.2966224593759271,0.2626381961865373
347,0.27421825560702123,0.2741907864300628,0.2950312969623976,0.2965833527306019,0.2625830009413941
348,0.27412166625800033,0.2741023581519212,0.29497206964119105,0.29653378539574277,0.26251803368176685
349,0.27404584062228443,0.27401552976872157,0.29492205508557057,0.2965108060045324,0.26246565900429075
350,0.2739770112716677,0.27392936739721124,0.29488812096584877,0.29649612465322345,0.26242724468208717
351,0.2738892088733835,0.2738417425083065,0.29484806383823836,0.2964426548666507,0.26236681783818433
352,0.27381167921590854,0.2737561301836857,0.29480690085271094,0.29643749319794577,0.2623195486615519
353,0.27372449091800527,0.27366945721604174,0.2947405293269204,0.296433189419498,0.26226403581418256
354,0.27364272296105435,0.27358309441561834,0.2947056154260011,0.2964011302316312,0.26220692317973154
355,0.2735485116753932,0.2734968140396271,0.29465082479613935,0.2963993591089023,0.26215033297707907
356,0.2734418280896021,0.27341095667253335,0.29460982714250245,0.29641863774880683,0.26209161786639934
357,0.2733474492142421,0.2733261901665665,0.2945584354295955,0.29641298614375133,0.262052512751488
358,0.27326168963167363,0.273243402862962,0.29451831717052995,0.296392488256157,0.2620142857937995
359,0.2731726394502732,0.27316049086667027,0.29446043830719626,0.29641088610915994,0.26198196355577263
360,0.2731073850637069,0.27307671503583225,0.2944304004213166,0.29642359202582325,0.261911312321001
361,0.2730378851076709,0.2729936229970912,0.2943689556222863,0.2963769697212876,0.2618664331386459
362,0.27295505952787175,0.2729124264473832,0.29432338829861415,0.296316727863597,0.2618119253904238
363,0.2728832362622142,0.2728303303636961,0.2942907762354234,0.296225690771932,0.2617663829580466
364,0.27279878180997097,0.2727486548580826,0.2942444769782596,0.29621161684893166,0.2617124012204947
365,0.27272009180760165,0.2726684005500565,0.29420082550023935,0.2961674694445899,0.26166597723395413
366,0.2726332284614141,0.2725876843902833,0.29414899449144877,0.29605211118669816,0.26161842445756367
367,0.27253697566630203,0.2725068130667144,0.2941019595704812,0.2960460025540803,0.26158322684893354
368,0.27247278940116443,0.27242504870731604,0.29405740261847657,0.29591284081635205,0.26154231888456136
369,0.2723858741648935,0.2723444639991015,0.2940136578489281,0.29590176970048676,0.26149745908428224
370,0.2723106340709352,0.2722646999717535,0.29395701077428593,0.29587989947918925,0.2614369176302385
371,0.2722358533576821,0.2721852295032917,0.29392635581961635,0.29583350235576295,0.26139410619796344
372,0.2721596134743041,0.2721058530608954,0.2938539497747913,0.2958237519567924,0.26135213943539376
373,0.2720981774393633,0.27202677658397556,0.2938082667788816,0.29577539688129917,0.26128905591188395
374,0.2720518603490594,0.2719476169495735,0.2937795972306633,0.2958229666558331,0.2612364845897277
375,0.27196563288519754,0.27187034815353883,0.2937624329295257,0.2958238537387559,0.2612050868762966
376,0.27189273959398697,0.27179362547995967,0.2937215555837687,0.29577571155080407,0.2611810949332829
377,0.27181631558770364,0.2717166969952087,0.2936937591348456,0.29574075870005084,0.26113435772537424
378,0.271745342144424,0.2716393747734743,0.29366029576333164,0.29568479306646916,0.2610933196281626
379,0.27168086792552526,0.2715636346576847,0.29361870942622165,0.29561710063206986,0.26103772254986063
380,0.27162450121378284,0.271486634048487,0.293589927749254,0.29559410759293536,0.2609976401810981
381,0.27154531489134026,0.27141137106907187,0.29354416060884875,0.29558933948559196,0.260952146026724
382,0.27146357467107984,0.27133744706003443,0.2935122944838364,0.295618847419979,0.26091485593299146
383,0.2713970228747708,0.2712614683188646,0.2934766601930413,0.29559751216342844,0.26087082222401825
384,0.27132174772305834,0.2711851324693712,0.2934506071358221,0.2955478817480641,0.2608281914962119
385,0.27125113947185236,0.27111036172982517,0.2934304459751663,0.2954891049080585,0.2607927171106198
386,0.27116979047490497,0.27103599416177393,0.29339439668628686,0.29546261719810124,0.26074282016201206
387,0.271094947901718,0.2709609196676307,0.2933639212037365,0.2954536944560367,0.26068815470514917
388,0.27102127147873145,0.2708877289401723,0.29330984006636784,0.2954692956006465,0.26063754029229186
389,0.2709525444373935,0.2708139985366413,0.29327041896017575,0.2954036697228668,0.2605971994587349
390,0.27086323249483585,0.2707401329581436,0.293229392460103,0.29536555023626165,0.26056683766658245
391,0.27079202256498575,0.2706668314102809,0.29318769552788015,0.2953615359198682,0.2605176317571107
392,0.2707169703018551,0.2705934309625432,0.2931534274515413,0.29532450157263107,0.2604885318587451
393,0.2706419215912619,0.27052120633512045,0.2931056105212162,0.29529945729794044,0.26046815025818976
394,0.27056407402947663,0.270449561401881,0.29305181971133165,0.2953434001742248,0.2604107426908506
395,0.27049385657379155,0.27037783420636596,0.2930267272833037,0.2953756460861256,0.2603652031830969
396,0.2704404348372154,0.2703060398794703,0.29299119128402873,0.2953442665186301,0.26033910910554775
397,0.2703823436606845,0.2702339081885064,0.2929515792465228,0.29539466441842743,0.26030560895563065
398,0.2702919614183533,0.270162787349291,0.2929130110849894,0.29544119073370745,0.2602695966867241
399,0.2702089085631267,0.2700916489230802,0.292881126219579,0.29543799705648305,0.26021712955830373
400,0.27012940616896897,0.2700207115868053,0.2928417672067676,0.2953659348178639,0.2601674483762105
401,0.27004416805944026,0.26995037902083163,0.2927970918748644,0.29531437448246095,0.26011895473872854
402,0.26996960106137924,0.26988042705771814,0.2927523855089268,0.2953475046218969,0.2600702015606014
403,0.26989322192413856,0.26981063284816104,0.29271485686691656,0.2953849885891983,0.2600231160614897
404,0.2698175513775987,0.2697406889439665,0.2926817901388379,0.295412601107824,0.25997706625802736
405,0.26975937195431293,0.2696707346852893,0.29266538555619304,0.29539321319989276,0.259921044801239
406,0.26968598645408814,0.26960130589751524,0.2926061987038051,0.2953587546010178,0.25988871502993127
407,0.26963793460963414,0.2695319902704337,0.2925467013681268,0.2953256380599597,0.2598473986840827
408,0.2695718956258237,0.2694630164617511,0.2925196443361944,0.2952961270458348,0.2598162604425812
409,0.26949594046054065,0.26939398408122395,0.2924777301361976,0.2952920519255105,0.2597862338721731
410,0.2694337671935084,0.26932726858971173,0.29245618219457037,0.2953124038795827,0.259734464637654
411,0.2693519496574527,0.2692599704561705,0.29242526584112266,0.29533930607039255,0.2597026602036446
412,0.2692942499910557,0.26919331566888566,0.292371773899683,0.2953403825495647,0.25967722970155255
413,0.2692226001953518,0.2691271757120511,0.2923348303249282,0.2953193145330287,0.25962184634793534
414,0.2691449214473823,0.2690607849639388,0.29229610793280153,0.2953187228118051,0.25958827139412294
415,0.2690790213090968,0.2689945129064006,0.29226718564232523,0.29531596345971706,0.25954294920795934
416,0.2690040701793498,0.268929465861039,0.29220965882714744,0.2953388081275134,0.2594945830197
417,0.26892982670955057,0.26886343457568423,0.2921634380551524,0.2953643347787422,0.25944574825014033
418,0.2688637773200848,0.2687983375159138,0.2921275242271607,0.29534262290761987,0.25941698519276973
419,0.2688038824588662,0.2687333358273757,0.29210980925815516,0.2953335958329205,0.2593783229321347
420,0.26872623565577963,0.26866847976578134,0.2920831033403426,0.2952992543309277,0.25934467240944914
421,0.26865912681416126,0.2686031657515115,0.29204860479875516,0.2952718627344886,0.25930350624078313
422,0.2685972675814257,0.2685385056877014,0.2920065409638772,0.29532242758818816,0.25925892276754603
423,0.2685398829222206,0.26847404837274985,0.2919981913322867,0.2953070013670215,0.2592166616527293
424,0.26848185966802385,0.26841048026945086,0.2919513969456758,0.29523117261024406,0.2591618867109817
425,0.2684374566878932,0.2683455765753089,0.29192980892533754,0.2951707499942036,0.2591303094424911
426,0.268378959511783,0.2682817302880889,0.29190245363894834,0.29518637649156904,0.25910389854658084
427,0.26833264425674985,0.2682188253407058,0.2918783730650122,0.29511892394152955,0.2590517375699558
428,0.268268358705444,0.268154974297314,0.2918550379984214,0.295143662705038,0.2590179499534752
429,0.26820408597734247,0.26809131822520427,0.2918168667762169,0.29515966822270934,0.25899603745145133
430,0.26815425871500176,0.2680281479042151,0.29179589867531974,0.29516101182774335,0.25896231762147665
431,0.26806881260967796,0.26796559699953004,0.2917497574008338,0.29510853303879475,0.2589136589342216
432,0.26801258463332306,0.2679029127376631,0.29173317309580593,0.29504406144964473,0.2588881145016028
433,0.2679652763517428,0.2678406005361246,0.2917195475897737,0.2950384950677901,0.2588548069902025
434,0.26791466115856033,0.2677786781800046,0.2917019021212196,0.2950180177947612,0.2588288239168766
435,0.26785495636206014,0.26771679741859256,0.2916810242285823,0.2949832591387614,0.2588016458146338
436,0.26781002674140375,0.26765465465916516,0.29165094988922374,0.2949653382936328,0.25875811809129873
437,0.2677488625746848,0.2675934433546674,0.2915979579542425,0.29490017541765695,0.2587066301535351
438,0.2677027785410509,0.2675322002509323,0.2915793776411598,0.2949451991941627,0.25866304721259553
439,0.26762991846135487,0.267471099811698,0.2915632848190695,0.2949547792776549,0.2586288842138118
440,0.26755597065671627,0.2674098370712662,0.29153931727534804,0.2950063727368521,0.2585958647273736
441,0.26751182038460114,0.26734918662662194,0.2915075608409734,0.29503985960978163,0.258576563549363
442,0.2674566910251221,0.26728847823473445,0.2914946170664922,0.29500097310710227,0.2585353080870958
443,0.2673860568084527,0.26722862862883295,0.2914831768631582,0.2950792565110218,0.258512063206987
444,0.26732530526350623,0.26716906794429646,0.2914529378646275,0.29507304174796917,0.25847810286808515
445,0.2672577331309925,0.26710960506278136,0.29144596602071837,0.29499817111647963,0.2584481159505381
446,0.26718581105539,0.26705005597486503,0.2914125821074182,0.2949746974294235,0.2584150683152751
447,0.2671251940250818,0.26699151928662135,0.2913931482655115,0.2949204548199468,0.2583889290854374
448,0.26705109181367015,0.266931516239345,0.29135593578010244,0.29486058346509136,0.25836502762446406
449,0.2669790352224187,0.2668729694244702,0.29137005892837625,0.2948594214880465,0.2583231865866387
450,0.2669022576893879,0.26681433867111504,0.291342995122612,0.29485279571930656,0.25828998697221284
451,0.26684538413650294,0.2667552520264882,0.29132114466381276,0.29480394524959447,0.2582607381883093
452,0.2667932303957043,0.2666953575109765,0.29129978735980777,0.2948231304063372,0.25821475746169575
453,0.2667336041628793,0.2666362524872837,0.2912662721267299,0.29479026333117603,0.25817438874761217
454,0.26666897539302215,0.266578072995479,0.2912397114688999,0.2947659629580964,0.258126576942715
455,0.2666135651530082,0.26651957703686036,0.29122393251521556,0.2947160858782487,0.258077744741236
456,0.26656867006620005,0.26646134613383565,0.2911901243659062,0.2946680470521995,0.25803674874997184
457,0.2664947736632084,0.266403424576686,0.2911710329910957,0.29460288125351736,0.258013945409151
458,0.26645442810659226,0.2663458566780125,0.29112789203660105,0.29463383465325055,0.2579670286042842
459,0.26639880428621654,0.2662884158728104,0.2911022410224173,0.2946670144812284,0.25793441422174246
460,0.2663372679610834,0.26623169493930604,0.2910840372602348,0.2947314652952441,0.25791703379071984
461,0.2662900018399004,0.2661757911440993,0.29106619657443117,0.29475412852194843,0.2578724032751189
462,0.26623450674154236,0.2661205002068782,0.2910517236823208,0.2947891982792118,0.2578626318424433
463,0.26616885566208204,0.26606436701363195,0.29102797750956894,0.29481400594565654,0.25784077008746037
464,0.2661119509203015,0.26600791336041935,0.2910206949490873,0.2947702105235187,0.2578186025675766
465,0.26607769090013395,0.26595208356843403,0.29098574671414845,0.2948206062623862,0.2577875746886337
466,0.26603607681119484,0.2658969008458648,0.2909344074316184,0.29478381146857235,0.25775045077143516
467,0.2659882609096706,0.26584166908857987,0.29092278810189903,0.29471403074888564,0.25770544879065344
468,0.2659293818555533,0.26578667113603466,0.29088362819784536,0.29477447507838134,0.25767277169097325
469,0.2658702920109206,0.26573229535084514,0.29087799615620324,0.29476000515162115,0.25764676133441405
470,0.26579483695263423,0.2656777540880925,0.2908516548056416,0.2947298286941134,0.257623494008935
471,0.26573385671468186,0.2656226168943298,0.29082621268084147,0.29482261135191046,0.2575936714087694
472,0.26567761114226734,0.2655687781492514,0.2907995702318214,0.2948340746064093,0.2575617959627731
473,0.26561341506351394,0.2655141756691568,0.29077453825690536,0.29484214734011477,0.2575229742617566
474,0.265554173210136,0.265459676089112,0.2907233588108737,0.2948901902266513,0.25749406951271836
475,0.2655089746737604,0.2654057109482279,0.2907077442273598,0.29478997451936717,0.257481708061432
476,0.2654435023127256,0.26535035335724966,0.2906761088299198,0.29480006802123765,0.25745546729788293
477,0.2654026085267214,0.26529638975128444,0.2906815853358318,0.2947668040454807,0.2574305280732613
478,0.2653654895791194,0.2652435287392912,0.2906587825885701,0.29475633394150136,0.25740285811853547
479,0.26531137602403054,0.265190092708598,0.2906380646496704,0.29473436833546873,0.25737032071059157
480,0.2652685396191339,0.26513701227950953,0.2906110151251775,0.2946931062733079,0.257342269717199
481,0.2652174424501744,0.26508325724269427,0.29059969719965445,0.29464200565881465,0.2572977373902724
482,0.26516110501873025,0.265030068047245,0.29055986867682293,0.2945564766365418,0.2572635034738068
483,0.26510746391427603,0.26497806397256213,0.2905507396942009,0.29451422859232934,0.2572376622865143
484,0.2650476895959507,0.2649266413535927,0.2905288190263755,0.2944901551084786,0.25720314187393994
485,0.26498797463875706,0.2648742696186669,0.2904694237009871,0.2944803653184951,0.2571761348135107
486,0.264946367667236,0.2648229494045294,0.2904592056416178,0.2944525758304816,0.2571363886895186
487,0.26489881326358294,0.26477146063051266,0.2904417201776663,0.2944297000232339,0.2571114130373093
488,0.2648351726961493,0.2647195514463094,0.29042303643142653,0.2943830260826908,0.2570813644571044
489,0.2647770324716452,0.264668208105447,0.29040182059674025,0.2943737866517634,0.257041403672221
490,0.2647274594182507,0.26461784743034955,0.29037551682269835,0.29438544706698005,0.25702788798856635
491,0.2646797361291613,0.26456592687587754,0.2903541695936315,0.29432326605891124,0.25700753117620273
492,0.26462594219543745,0.26451521431709635,0.29032546873661486,0.29439780646570135,0.25698345822171326
493,0.2645702706847864,0.26446380618817367,0.29031095056366446,0.2943819753591535,0.25696988126142034
494,0.26452150178601985,0.2644125072664396,0.2902840603521108,0.29440514759539876,0.25694452152785086
495,0.26447466181758,0.2643617502444446,0.2902649565442629,0.29437171279927804,0.2569280068037027
496,0.26442213345522453,0.2643118415266661,0.2902358561779748,0.29441533429092426,0.25689631037473404
497,0.2643691870356779,0.2642616977404503,0.2902025738436556,0.2944193593008449,0.2568897378416793
498,0.26433220123624196,0.2642114686948295,0.29018492225661524,0.2943314163322327,0.25686741338819075
499,0.2642797430960564,0.2641612286809041,0.2901333057839106,0.2942808817329482,0.2568434401710336
